chr	pos	strand	gene
MT	4050	+	ND1
MT	5241	+	MT-ND2
MT	6645	+	MT-CO1
MT	8331	+	COII
MT	9085	+	ATP8
MT	9240	+	ATP6
MT	9923	+	COX3
MT	10776	+	ND3
MT	11196	+	ND4L
MT	11486	+	ND4
MT	13071	+	ND5
MT	14893	+	CYTB
MT	16705	-	ND6
15	131051	-	
6	23279169	-	HOGA1
4	90893195	+	DQX1
15	174088	-	
17	5637157	+	TBC1D13
15	250929	-	
28	1303396	-	
20	9695548	-	
6	23281033	-	ANKRD2
18	9768623	+	USP36
4	51656384	-	
4	90902082	+	
6	23286288	-	UBTD1
12	9129851	-	ARF4
14	13896398	+	NHLRC4
33	4881525	+	
4	90908983	-	
17	5648970	+	ENDOG
Z	16103569	+	NDUFS4
23	4538494	+	SFPQ
5	54619695	-	SIX6
27	5506855	+	PPY
27	5510067	+	
1	19339085	-	PIM3
4	51704391	-	
33	4895192	+	
15	329664	-	SLC25A1
20	9700709	+	STMN3
11	7853719	-	
23	4556794	+	TMEM35B
1	81108336	-	MAB21L3
4	51717971	-	
3	88388999	+	GSTA3
1	131681532	+	CYFIP1
23	4578052	+	DLGAP3
5	21884897	+	ALKBH3
11	7865514	+	SHCBP1
20	9717686	+	GMEB2
1	52109433	-	HMOX1
23	4587121	+	SMIM12
5	21907061	+	C5H11ORF96
2	67690037	-	OVA
Z	16414354	-	ARL15
1	131727023	-	
23	4596408	-	GJA4
19	6387309	-	BLMH
11	8118077	-	UQCRFS1
15	375258	-	CLTCL1
4	11333698	+	
11	8324532	+	VSTM2B
12	9151391	-	DENND6A
28	1326492	-	
14	13934815	+	RAB40C
19	6391810	-	TMIGD1
1	20240989	-	IL17REL
4	90933015	+	LBX2
19	6396508	+	CPD
4	90943532	-	TTC31
9	3029975	-	GPC1
2	121322851	+	
14	13962836	+	WFIKKN1
3	41221513	+	PHF10
3	88395964	+	
23	4607414	-	GJB5
1	180568847	-	MPHOSPH8
Z	16438274	+	HSPB3
23	4760744	-	
17	5656028	-	SPOUT1
11	8355856	+	POP4
13	14017080	-	HMGXB3
2	121344668	-	FABP9
3	4154808	+	RIN2
14	13968210	+	MCRIP2
Z	16452909	+	SNX18
3	88396053	+	
4	11346550	-	GLOD5
23	4766719	+	CSMD2
11	8369833	+	PLEKHF1
14	13994515	-	ABCA3
Z	16594029	-	
9	3564851	+	
13	14037944	-	NPY7R
4	11367340	-	
3	41241039	-	C3H6orf120
10	12071277	+	
Z	62725137	+	HAPLN1
2	67711715	-	OVALY
2	67707006	-	OVALY
3	41241478	+	
Z	16634702	-	ESM1
4	11449639	-	
9	3597704	+	
Z	62725429	+	HAPLN1
8	14626886	-	C8H1ORF146
1	131757830	-	NIPA2
2	121353429	-	FABP4
13	14045467	+	
15	387640	-	SNAP29
14	14035041	-	HN1L
1	131757444	-	NIPA2
11	8396105	-	
19	6419064	+	GOSR1
Z	62725433	+	HAPLN1
10	12079844	+	
11	8391120	-	
8	14688883	-	EPHX4
19	6453916	-	TRARG1
6	23305911	+	EXOSC1
Z	62757928	+	HAPLN1
2	67721182	-	OVALX
9	3609256	-	IMP4
5	54623560	+	C14orf39
5	54624138	+	C14orf39
3	41931704	-	
3	88396106	+	GSTA2
1	52143492	-	
3	4194440	+	PYGB
10	12097214	+	
2	24221691	-	SLC25A13
5	21966267	+	EXT2
3	88407328	+	GSTA2
27	5538288	+	COL1A1
5	54719162	-	PPM1A
1	52149356	-	
2	67745143	-	SERPINB11
5	54739247	+	
28	1354469	+	GNA11
1	131775909	-	NIPA1
2	121401025	-	IMPA1
27	5564632	-	SGCA
10	12115762	-	SAXO2
3	88407337	+	GSTA2
28	1372658	-	
27	5565869	+	PPP1R9B
19	6464720	+	ABR
3	41943728	-	SULT
13	14053033	+	FLT4
8	14714760	-	BRDT
1	81203444	+	NHLH2
1	180612944	-	PARP4
Z	16655098	-	
3	41973928	+	DACT2
6	23310469	-	PGAM1
28	1377025	-	
2	121410278	-	ZFAND1
5	22071211	-	ALX4
2	67762854	-	SERPINB5
28	1380917	+	S1PR4
Z	16690809	-	CDC20B
15	417626	-	SERPIND1
3	42134063	+	
19	6494064	-	TIMM22
4	90945218	+	
2	121412494	+	CHMP4C
2	24327977	-	SHFM1
13	14101869	+	RNF130
Z	16696009	+	GPX8
4	90952074	+	MOGS
33	4956605	+	LETMD1
17	5665722	-	
15	604151	-	HIC2
5	54784642	-	PCNX4
19	6503224	+	
1	180615148	+	CENPJ
2	24442691	+	DLX6
3	42196994	-	KIF25
1	52678868	+	LARGE1
3	4236900	-	ABHD12
4	90959374	-	
17	5668179	+	LRRC8A
5	22211473	+	CD82
17	5668871	+	LRRC8A
9	3613933	-	CCDC61
2	24442984	+	DLX6
1	180648850	-	
4	90977982	-	
23	5030789	+	SMAP2
9	3627891	+	
19	6551970	+	
2	121457910	-	SNX16
14	14083901	+	IFT140
1	180854989	+	
1	81232635	+	CASQ2
2	24453892	-	DLX5
4	90979233	+	
2	121458256	-	SNX16
19	6587381	+	ADORA2B
1	53021721	+	SYN3
Z	63173370	-	XRCC4
2	67779277	+	VPS4B
1	180917603	-	FDX1
2	24478712	+	
2	121646185	-	
15	604454	-	HIC2
2	122054865	-	
Z	16761257	-	DHX29
5	22435035	-	TP53I11
20	9794241	-	
4	51779687	-	
28	1383268	+	NCLN
2	67810334	+	KDSR
1	81306906	-	VANGL1
5	22505245	+	PRDM11
1	53127580	-	TIMP3
15	604246	-	HIC2
28	1383321	+	NCLN
1	81339566	-	CHD1L
9	3720928	-	C3orf70
3	88407353	+	
5	22527903	+	
12	9157916	+	SLMAP
15	604175	-	HIC2
2	67837316	+	BCL2
33	4997389	-	TFCP2
15	563422	-	HIC2
19	6607165	-	ZSWIM7
10	12115837	+	EFL1
20	9804421	-	
2	24644607	+	TAC1
4	51792467	-	SULT1B
1	180936321	+	RDX
9	3747564	-	EHHADH
2	24645050	+	TAC1
33	5006921	-	POU6F1
2	68105942	-	PHLPP1
3	88407414	+	
5	22570827	-	SYT13
28	1399710	+	CELF5
33	5009248	-	
20	9801580	+	SIRPA
13	14144151	+	TBC1D9B
1	181008738	-	ZC3H12C
10	12210959	+	MEX3B
3	88410531	+	
2	68176758	-	ZCCHC2
1	53241371	-	FBXO7
15	671955	-	YDJC
1	181226754	-	C11orf87
19	6605813	+	TTC19
3	42501436	+	UNC93A
1	81342003	+	
3	88436533	-	TMEM14A
3	4274889	-	MEA1
33	5029596	-	SMAGP
3	42525653	+	TTLL2
8	14912309	-	CDC7
15	678727	+	SDF2L1
3	42557718	-	
13	14163592	+	MRNIP
14	14142038	-	TMEM204
7	3763201	-	IKZF2
2	122125092	+	RALYL
5	22587180	+	ASTL
3	88528088	-	AGPAT5
28	1436103	-	HSD11B1L
1	53270492	+	BPIFC
3	42580049	-	CCR6
Z	63557854	-	
33	5044090	-	BIN2
11	8502946	+	URI1
Z	16760913	+	SKIV2L2
1	20272402	-	MLC1
28	1436071	+	MICOS13
9	3823299	-	TMEM41A
1	81383483	-	TMEM39A
8	14942815	+	
2	122514823	-	
Z	63563409	+	
4	51795126	-	SULT1B1
28	1454067	-	
3	88679655	-	MCPH1
1	53286579	+	RTCB
3	42617901	-	CEP43
1	20275372	-	MLC1
2	122579864	-	
13	14197645	+	
7	4138533	-	
28	1454529	+	
1	181487159	-	DDX10
19	6620781	-	
1	53325209	+	PRDM4
11	9286162	-	TSHZ3
10	12525266	+	TMC3
4	51797389	-	
11	9750706	+	ZNF507
14	14178376	-	TELO2
1	20272137	-	MLC1
7	4153280	+	VWC2L
1	81422616	-	
1	181559336	+	POGLUT3
10	12543742	+	STARD5
28	1473485	-	
8	14951227	+	
20	9807223	+	NSFL1C
3	42624043	+	RNASET2
9	3837466	-	ANAPC13
19	6668011	-	
13	14200870	+	
1	81435186	-	B3GAT1L
14	14177992	+	
27	5593719	-	PDK2
1	81452490	-	B3GAT1L
19	6669701	+	PIGL
Z	63658542	-	ATG10
1	81531508	+	
7	4254224	-	BARD1
20	9822122	+	FKBP1A
5	22880586	-	FUT8
14	14188580	-	RNPS1
5	54973489	+	
11	9773485	+	DPY19L3
13	14217036	-	LTC4S
Z	63658645	-	ATG10
19	6726879	-	
14	14205059	-	
3	4274637	+	KLHDC3
7	4345086	-	ABCA12
9	3837537	+	CEP63
3	4275166	+	KLHDC3
3	4275849	+	KLHDC3
4	52779411	+	ANKRD50
4	52874045	+	ANKRD50
2	122608915	+	E2F5
1	20276230	+	MOV10L1
Z	16926017	-	SLC38A9
4	11485646	-	
19	6732619	+	
3	4279048	+	KLHDC3
4	11484423	-	
1	20328226	+	PANX2
20	9847105	-	SNPH
5	23020937	-	FAM180B
4	11484167	-	
3	89526499	-	
3	4291347	+	
3	42945334	+	MPC1L
4	53358866	-	SPRY1
3	42961543	+	SFT2D1
3	89674010	+	
33	5068444	-	GALNT6
3	89782804	-	
11	9813075	-	
33	5078182	+	SLC4A8
4	11576801	-	
10	12590413	-	IL16
2	122624259	-	RBIS
3	4298433	+	
2	24676154	-	ASNS
3	4304030	-	
2	122624238	-	RBIS
2	122624505	-	RBIS
2	24676102	-	ASNS
5	23031266	-	NDUFS3
3	43047577	+	TBXT
10	12605757	-	CFAP161
11	9817654	-	
Z	63726084	+	SSBP2
2	24675825	-	ASNS
2	122624567	+	CA13
4	90990768	+	
9	3883599	+	EPHB1
Z	63906538	+	ACOT12
6	23504014	-	HPS6
10	12667133	-	TLNRD1
9	4278717	+	A4GNT
33	5103996	-	
14	14243294	-	AMDHD2
15	746739	+	TOP3B
9	4285878	+	DZIP1L
5	23041095	-	PTPMT1
4	90999472	-	
2	122678180	+	CA3A
33	5120291	-	AQP5
1	181650668	-	ATM
10	12677503	+	MESDC2
15	747877	+	TOP3B
13	14260009	-	CANX
11	9853569	+	PDCD5
17	5692033	+	NUP188
Z	63946893	-	ZCCHC9
9	4304376	-	CLDN18
3	43541925	-	
4	11625916	+	MTMR8
18	9837087	-	PGS1
20	9873205	-	PSMF1
15	761641	+	PPM1F
5	55000990	+	L3HYPDH
8	15109602	+	BARHL2
3	43587238	-	
33	5133194	-	AQP2
14	14260962	-	ATP6V0C
9	4378149	-	SOX14
5	55002390	+	GPR135
13	14271909	+	
18	9837554	+	SOCS3
Z	16929403	+	DDX4
9	4520368	-	CRYGS
18	9853301	+	
28	1553131	+	EEF2
20	9893704	+	ANGPT4
33	5144398	+	FAIM2
4	11668128	+	AMER1
28	1561863	+	
17	5702173	-	DOLK
8	15372541	-	ZNF326
33	5164024	+	BCDIN3D
18	9860064	-	AFMID
1	131975543	+	OCA2
Z	63976950	-	CKMT2
2	24774072	+	MIOS
2	122708696	+	CA3B
33	5202555	-	KRT80
17	5702190	-	DOLK
8	15422149	-	LRRC8D
9	4530759	-	TBCCD1
1	181685617	-	ACAT1
6	23506402	+	ARMH3
10	12736649	-	CEMIP
2	24793994	-	RPA3
1	81590954	-	
8	15478321	-	LRRC8C
15	801554	+	MAPK3
8	15478132	-	LRRC8C
2	122766240	+	CA2
1	132561163	-	GABRG3
2	122878002	-	
2	24794127	+	UMAD1
2	24797280	+	UMAD1
12	9335224	-	DNASE1L3
20	9910901	+	SLC52A3
1	20448935	+	SELENOO
20	9910918	+	SLC52A3
8	15502232	-	LRRC8B
10	12791419	-	
20	9911258	+	SLC52A3
15	846449	+	YPEL1
1	181714409	-	CUL5
9	4531072	+	
Z	16981247	+	IL31RA
20	9911357	+	SLC52A3
12	9340653	+	ABHD6
8	15521468	-	LRRC8B
7	4368941	+	ATIC
1	181742258	-	RAB39A
1	132611904	-	GABRA5
33	5216371	+	KRT7
10	12826671	-	ABHD17C
20	9917640	+	SCRT2
6	23613017	+	KCNIP2
14	14405875	-	NOG2
9	4551224	-	PROCR
28	1594481	-	ATCAY
27	5613835	+	DLX3
5	23066593	+	CELF1
3	4354031	-	
3	44347552	-	QKI
1	53626354	-	CRY1
1	81814253	-	
28	1615042	+	
1	81823870	-	
Z	64109277	-	RASGRF2
20	9922494	+	SRXN1
23	5091702	+	KCNQ4
27	5625191	-	
Z	64257195	-	MSH3
23	5106695	+	TINAGL1
3	4365845	-	
1	53628604	+	MTERF2
1	132652407	+	GABRB3
20	9927639	+	TCF15
11	9900952	+	RGS9BP
4	53565225	+	NUDT6
4	11924118	+	
1	20485992	-	TUBGCP6
1	181822186	+	SLN
1	132986041	+	ATP10A
5	23098904	+	RAPSN
12	9362450	+	IP6K2
11	9911033	+	NUDT19
9	4551587	+	PFKL
18	9865580	-	SYNGR2
2	122936917	+	ATP6V0D2
28	1663794	+	DUS3L
1	53648531	-	TMEM263
23	5116781	-	PEF1
14	14571954	+	
12	9363348	+	IP6K2
18	9866479	+	TMC6
1	53707480	-	RIC8B
1	20491358	-	
28	1677219	-	LARP6L
14	14610473	+	CCNF
4	12082701	+	
3	44584053	-	PACRG
23	5129007	-	
6	23635291	+	MGEA5
33	5245597	-	KRT75
17	5757926	+	MIGA2
Z	64257247	+	DHFR
14	14630009	-	
3	44583264	-	PACRG
1	20495207	-	
Z	64290320	+	ANKRD34B
1	53802913	-	RFX4
18	9873216	+	
2	25087512	+	NXPH1
4	12107176	+	CDX4
Z	64297349	+	
2	25088242	+	NXPH1
3	44583493	+	PRKN
5	55109372	-	
18	9879591	-	ARL16
9	4565051	-	C9H21orf2
4	53601561	-	FGF2
Z	64314657	-	
2	25652063	-	
14	14639715	-	
1	133189234	+	UBE3A
1	181881942	-	ELMOD1
Z	64319764	-	
4	53630560	-	BBS12
18	9879271	+	HGS
1	133196060	+	UBE3A
Z	64352145	-	
1	20502957	-	HDAC10
6	23660511	+	NPM3
23	5136732	-	
Z	17280249	-	
1	133196582	+	UBE3A
1	181881160	-	ELMOD1
4	53633105	+	CETN2
9	4565071	-	C9H21orf2
Z	64354227	-	
1	20508744	-	
17	5775799	+	DOLPP1
4	12120945	+	CHIC1
5	23108352	+	PSMC3
17	5805077	-	CRAT
6	23669486	+	FGF8
18	9889055	+	MRPL12
5	23131190	-	
18	9893337	+	
4	12148991	+	
33	5254464	-	KRT6A
1	82719397	+	LSAMP
4	12187890	-	
Z	64364473	-	CCDC125
1	133256347	-	CNGA3
19	6774427	+	P2RX5
4	53679705	+	IL21
1	20555609	-	MAPK12
5	55140639	+	
11	9954055	-	SLC7A9
4	12242910	-	
11	9982421	-	CEP89
12	9450392	+	SLC26A6
1	133309570	-	
18	9898955	+	GCGR
1	20594690	-	MAPK11
33	5267112	-	KRT5
9	4565923	+	TRA2B
Z	64369042	-	AK6
14	14736601	-	MRPS34
27	5745950	+	SLC35B1
5	55301585	-	DACT1
19	6788567	-	EMC6
Z	17464932	+	
1	133325014	-	
17	5807399	+	PTPA
1	83080167	-	GAP43
20	9935277	+	CSNK2A1
8	15547184	+	GTF2B
19	6788544	-	EMC6
2	26038888	+	PHF14
12	9456460	+	UQCRC1
20	9935317	+	CSNK2A1
3	45283852	+	AGPAT4
11	9974099	+	FAAP24
1	83692165	+	ZBTB20
17	5838933	-	IER5L
20	9958550	+	TBC1D20
Z	17465683	+	
4	53716816	+	IL2
3	45284989	+	AGPAT4
Z	17465702	+	
8	15620490	-	PKN2
11	9982657	+	FAAP24
19	6788637	+	TAX1BP3
1	133349641	-	
2	122974548	+	WWP1
3	89802494	+	CSMD1
28	1793744	-	MLLT1
3	90064722	-	
4	53728506	-	
2	122975553	+	WWP1
3	45286404	+	AGPAT4
1	53878902	-	POLR3B
18	9913085	-	MCRIP1
11	9982680	+	FAAP24
27	5759636	+	SPOP
4	12248585	+	USP12-like
17	5940937	+	NTMT1
11	10012360	-	
4	53736252	-	
27	5760356	+	SPOP
6	23765090	-	DPCD
9	4623784	-	SENP2
28	1815894	-	ACER1
23	5227993	-	PTP4A2
6	23787154	-	
11	10006974	-	
14	14737250	+	GLYR1
Z	17499010	-	
27	5800802	-	NXPH3
28	1828004	+	ANP32B
2	26285776	-	
23	5228269	-	PTP4A2
8	16130653	-	LMO4
1	181966817	+	CWF19L2
3	90840392	-	KBTBD11
18	9915105	-	PPP1R27
3	4388382	+	
2	26491943	-	
28	1841885	-	ZNF414
1	83745457	+	DRD3
2	123049268	-	RMDN1
4	12282691	+	
17	5942117	+	NTMT1
1	20724249	-	PLXNB2
5	23185094	+	SPI1
11	10018024	+	GPATCH1
27	5843100	-	NGFR
4	12299978	-	
1	182061433	+	VMO1
19	6800086	-	CTNS
7	4564139	-	MREG
8	16296312	-	HS2ST1
Z	17517388	+	
1	182130487	+	GUCY1A2
27	5871629	-	
5	55398603	+	TIMM9
19	6799719	-	CTNS
20	9976045	+	
Z	18025319	-	PLK2
15	961020	-	C22orf39
18	9925495	-	P4HB
10	13019135	-	FAH
12	9501312	+	COPG1
2	123049325	+	CPNE3
1	83782730	-	QTRT2
19	6800175	+	
8	16296960	+	SELENOF
14	14764139	+	ROGDI
4	12310289	+	SLC16A2
33	5287633	-	
1	182437196	-	AASDHPPT
17	5950760	-	ASB6
7	4565508	+	
3	90987501	-	CLN8
14	14798053	-	MCHR2
4	91054683	-	IDH3B
3	90986274	-	CLN8
1	182437515	+	KBTBD3
20	9983605	+	
3	4406323	+	PTK7
14	14826780	-	
Z	65210349	+	GRIN3A
33	5351881	-	
7	4572389	+	
12	9520459	+	HMCES
27	5874275	+	MPP3
17	5954829	+	PRRX2
1	182457193	+	MSANTD4
3	45471260	+	
18	9938281	-	ARHGDIA
1	133387917	+	TMEM131
1	182457233	+	MSANTD4
3	4420800	+	SRF
1	53897895	-	TCP11X2
1	83813150	-	ZDHHC23
14	14843917	-	ACSM5
1	182462337	+	MSANTD4
18	9943202	-	ALYREF
19	6811017	+	TRPV1
1	53903598	+	CKAP4
3	45498435	+	
1	21072336	+	GRM8
4	12497277	-	NEXMIF
18	9941792	+	
1	182466016	+	MSANTD4
28	1858231	-	MYO1F
27	5895085	-	CFAP97D1
1	53933066	+	NUAK1
11	10120434	-	SLC7A10
23	5251644	+	TMEM39B
18	9943793	+	NPB
33	5379290	-	
10	13071506	-	ZFAND6
4	12540210	-	ABCB7
15	967346	-	UFD1L
10	13061730	-	ZFAND6
1	21744328	+	
12	9524603	+	
14	14951114	+	GPR139
33	5393861	-	
12	9530746	-	H1-10
8	16362800	-	CLCA1
2	26639900	-	
1	54183383	-	C12orf75
27	5900399	-	
28	1896528	-	ADAMTS10
23	5251888	+	TMEM39B
14	15091332	-	IQCK
19	6833810	+	
10	13050034	-	ZFAND6
5	55455908	-	ARID4A
27	5900473	+	
18	9957679	-	PCYT2
20	10006753	+	ID1
Z	18586349	-	
14	15043163	+	
27	5912684	+	SOST
20	10009760	+	
33	5401187	+	KRT18
10	13071558	-	ZFAND6
11	10323465	-	
6	23970223	+	LBX1
14	15091186	+	
10	13055970	-	ZFAND6
4	12557477	+	UPRT
2	68496453	+	RNF152
27	5939150	+	MEOX1
1	133610582	-	COA5
19	6841618	+	
3	45546115	-	SLC22A3
4	12598950	-	ZDHHC15
11	10310202	+	CEBPG
27	5959008	+	ETV4
33	5409510	+	EIF4B
12	9552794	-	RAB7A
3	45562424	+	
11	10311180	+	CEBPG
1	133610545	-	COA5
6	23998712	-	TLX1
12	9543535	-	RAB7A
4	12790680	+	FGF16
33	5425817	+	PRPH
33	5433632	-	C1QL4
10	13078381	+	BCL2A1
12	9546977	-	RAB7A
28	1911962	+	ZAP70
20	10031032	-	BCL2L1
3	45580585	-	
19	6858068	-	ASPA
6	24019958	-	KAZALD1
1	54211821	+	APPL2
1	133610586	+	UNC50
33	5441577	+	DNAJC22
5	55474524	-	PSMA3
5	23340192	-	MADD
23	5269045	+	MARCKSL1
9	4734672	+	SLCO2A1
33	5447898	+	SPATS2
10	13083181	+	MTHFS
20	10033228	-	BCL2L1
3	45588242	-	
2	26670962	-	
20	10032595	-	BCL2L1
4	53878897	+	TRPC3
4	91063630	-	VPS16
1	54284004	-	WASHC4
10	13200860	-	KIAA1024
10	13256887	+	PEX11A
3	91475852	+	ERICH1
1	21884126	+	POT1
33	5468889	-	MCRS1
9	4765591	-	SRPRB
18	9961503	-	SIRT7
23	5285757	-	HDAC1
1	183108651	-	
4	91068815	-	NAT8B
4	91066214	-	NAT8B
28	1976068	-	
17	5990576	-	PTGES
1	21985328	+	GPR37
6	24026439	-	SFXN3
4	12901122	-	MAGT1
18	9969556	-	MAFG
4	91066028	-	NAT8B
17	5987404	-	PTGES
4	53918279	+	BBS7
6	24027735	+	
17	5979344	-	PTGES
12	9596109	+	GATA2
4	91068820	-	
2	68618232	-	CDH20
4	12902246	+	COX7B
17	5978885	-	PTGES
6	24028753	-	
12	9602084	+	GATA2
1	133693798	-	MGAT4A
6	24029743	+	
1	54291424	+	ALDH1L2
4	12911845	+	ATP7A
1	133728300	-	CRACDL
17	5978822	-	PTGES
19	6920815	-	
28	2045697	+	
15	967724	+	CDC45
12	9656742	+	
2	68695954	-	CDH20
28	2069057	+	LINGO3
4	53933630	+	CCNA2
28	2077659	+	
Z	18874705	-	DEPDC1B
2	68696145	-	CDH20
10	13263506	+	PLIN1
12	9657736	+	
2	123745959	-	MMP16
1	54323938	-	
1	22231657	-	ARL8BL
17	5990121	+	
15	998492	-	CLDN5
33	5486042	+	
2	68993637	+	
2	69028549	+	
4	91083908	-	
4	91091067	+	
8	16434266	+	
2	123687063	+	
2	69056995	-	MC4R
28	2086009	-	OAZ1
3	4475544	+	XDH
2	69073813	+	
1	133793015	-	TSGA10
11	10439917	-	PEPD
23	5292034	-	LCK
4	91112944	-	EBF4
5	55484791	-	ACTR10
2	69075504	+	
6	24041819	-	C10orf2
27	5987591	-	DHX8
23	5294513	-	FAM167B
4	91117785	+	
17	5992369	+	TOR1B
11	10491009	+	CHST8
4	91127400	-	
4	53946536	-	EXOSC9
1	133803189	+	LIPT1
6	24041933	+	MRPL43
28	2111709	-	AMH
4	91129565	-	AP5S1
7	4602128	+	UBE2F
5	55490014	-	
2	26800481	+	ARL4A
2	69168662	-	C5orf22
6	24048263	-	SEMA4G
7	4602170	+	UBE2F
9	4777129	-	TF
1	54333887	+	SLC41A2
5	55503452	+	
9	4793390	+	
4	12938400	+	PGK2
7	4620818	+	UBE2F
Z	18908652	-	ELOVL7
3	91617877	+	TDRP
18	9980357	-	NME1
1	54542011	-	CHST11
6	24088541	-	SLF2
4	12977246	+	AMOT
3	91783324	-	FAM110C
9	4802155	-	AQP12A
5	55524724	+	
Z	18907478	-	ELOVL7
17	6003436	-	TOR1A
9	4827091	-	PAK2
28	2117081	-	SF3A2
27	5989394	+	PHB
19	6940495	+	NLE1
10	13295578	-	TICRR
18	9980677	-	NME1
4	91137976	-	CDC25B
3	4542289	-	ESF1
4	91140058	+	
Z	65311685	+	ALDOB
1	133813722	+	
33	5493716	-	CD63
27	6014988	+	ZNF652
18	9980600	-	NME1
20	10051629	+	MYLK2
17	6008708	-	C9orf78
9	4851312	-	PIGX
Z	65329325	+	ALDOB
11	10867724	-	
33	5499291	-	
1	133813733	-	MITD1
1	22351089	+	WASL
17	6008701	+	USP20
28	2118169	+	PLEKHJ1
27	6034509	+	PHOSPHO1
Z	65339780	+	MRPL50
20	10063374	-	FOXS1
33	5499569	+	GDF11
12	9907189	+	RUVBL1
1	133823382	-	
5	55728263	-	NAA30
27	6044622	-	ABI3
2	27337505	-	ETV1
10	13300546	+	RHCG
33	5508183	+	
2	124195934	+	
4	13079135	+	TRPC5
3	91915123	-	SH3YL1
15	1006141	+	SEPT2L
27	6045993	+	GNGT2
3	4686787	-	FLRT3
1	22425777	-	LMOD2
1	22445383	-	ASB15
10	13342922	-	
33	5538000	-	SARNP
5	55769932	-	AP5M1
15	1006616	+	SEPT2L
19	6954591	+	ULK2
23	5304088	-	EIF3I
10	13322631	+	
1	22449623	+	NDUFA5
7	4583042	+	
1	133831585	-	LYG2
4	13165563	-	
Z	65469193	-	PLPPR1
5	23379940	+	ACP2
23	5303936	+	
2	69168719	+	DROSHA
Z	65469047	-	PLPPR1
12	9947735	-	SEC61A1
33	5538238	+	ORMDL2
12	9989249	-	KBTBD12
7	4591535	+	
1	133838443	-	
Z	18970571	+	NDUFAF2
28	2185439	+	
8	16590293	-	CYR61
33	5541999	-	
27	6081137	-	IGF2BP1
Z	19020278	-	SMIM15
2	28021352	-	AGMO
27	6090482	+	GIP
28	2208775	+	
27	6092521	+	GIP
1	133859438	-	TXNDC9
23	5313031	-	IQCC
2	69363889	-	CDH6
4	91253657	-	
4	91258206	+	
23	5314715	-	CCDC28B
4	91271467	-	
1	22485251	+	ATP6AP1
19	6994213	+	ALDH3A2
28	2214360	+	MOB3A
1	133860171	+	EIF5B
2	69528189	-	
9	4851073	+	CEP19
33	5553014	-	GLI1
2	28092164	-	MEOX2
1	22565977	+	SLC13A1
27	6094182	+	SNF8
2	69815760	+	
8	16625897	+	DDAH1
19	6994245	+	ALDH3A2
4	91278824	-	
20	10076375	-	DUSP15
3	91952584	-	ALKAL2
9	4851084	+	CEP19
7	4602121	+	
11	10873011	+	LSM14A
33	5566047	-	
27	6113729	-	UBE2Z
4	91300812	-	
2	71193073	+	CDH9
9	4851464	+	CEP19
4	13231208	+	DCX
33	5572761	-	INHBC
4	53964699	+	ANXA5
4	53967599	+	ANXA5
2	71608920	+	
28	2220234	+	MKNK2
5	55769360	+	EXOC5
2	71612292	+	
7	4610682	+	IFNL3A
4	53972600	+	ANXA5
2	71613678	+	
5	81596	+	
4	13231331	+	DCX
8	16678843	+	BCL10
18	10077443	+	TOB1
27	6117913	-	ATP5MC1
28	2232091	+	BTBD2
3	92128189	-	TMEM18
4	13332487	+	CAPN6
18	10100634	-	WFIKKN2
5	103145	+	
1	83892733	-	
7	4695434	-	RAMP1
18	10111434	+	
4	13452859	-	PAK3
28	2251014	-	
3	92598069	+	SNTG2
5	113488	-	
9	4851478	+	CEP19
Z	66053892	+	SLC46A2
8	16703837	+	SYDE2
11	10891878	+	SS18L2
4	54070856	+	QRFPR
Z	66115305	-	SNX30
5	55982611	+	OTX2
19	7007065	-	SLC47A2
5	120614	-	
9	4851501	+	CEP19
13	14288271	-	DGUOK
14	15162089	-	VPS35L
11	10891899	+	SS18L2
28	2279147	-	SCAMP4
5	120674	+	
15	1273276	-	GNB1L
5	124480	-	
28	2279787	-	SCAMP4
7	4701337	-	
9	4852478	+	CEP19
11	10936760	-	GARRE1
7	4703104	-	
11	10931346	-	GARRE1
1	84309903	-	CLDND1
5	56100318	-	TMEM260
28	2295801	-	
27	6118078	+	
33	5608899	+	STAC3
11	10924577	-	GARRE1
7	35568418	-	PRPF40A
1	84316703	+	GPR15
Z	66125224	+	INIP
33	5629610	-	
10	13416699	-	FANCI
1	183673256	+	DCUN1D5
9	4871302	-	FBXO45
2	28403638	-	SOSTDC1
4	13511411	+	CHRDL1
7	35628125	-	RPRM
Z	66184739	-	
5	56210990	-	PELI2
23	5339496	-	KPNA6
4	13620556	+	AMMECR1
2	72101114	+	CDH10
1	84333931	-	APOV1
1	183720748	+	
8	16765732	+	MCOLN3
6	24108347	+	MFSD13A
2	72217260	-	
Z	66228725	+	HSDL2
1	134386116	-	LONRF2
5	125372	+	
9	4871958	+	WDR53
2	72322521	-	
8	16765949	+	MCOLN3
19	7015663	-	SLC47A1
1	84353225	-	ILDR1
23	5341750	-	
27	6151929	+	HOXB13
1	22977640	+	FEZF1
23	5340899	+	TSSK3
17	6122589	+	GPR107
28	2319159	+	ABHD17A
10	13417443	+	RLBP1
27	6190823	+	HOXB9
1	23009937	+	AASS
19	7065537	+	
18	10130049	-	LUC7L3
14	15204871	-	
2	28475977	-	ANKMY2
9	4879911	+	RNF168
14	15203539	-	
1	84357507	+	CFAP44
27	6203738	+	HOXB8
4	13736813	-	TMEM164
18	10130095	-	LUC7L3
3	5652612	+	SNRPB2
27	6207771	+	HOXB7
4	54187801	+	NDNF
27	6221058	+	HOXB6
19	7073816	-	
1	183730975	+	MMP13
4	54227745	+	PRDM5
20	10089305	-	PDRG1
12	10096797	-	ABTB1
3	93120877	-	MYT1L
20	10088809	+	XKR7
12	10129130	-	
Z	19488829	-	DIMT1
2	73025298	+	
3	5661982	+	CTAGE1
17	6162996	+	NCS1
27	6226468	+	HOXB5
1	134437290	+	NMS
20	10101688	+	CCM2L
1	84390198	+	
6	24136313	-	ACTR1A
1	134457943	-	
18	10130826	+	ANKRD40
1	84443291	-	BOC
3	45657619	-	MAS1
4	13761450	+	ACSL4
14	15209829	+	ACSM3
1	134462166	-	
2	74190751	+	CDH18
Z	19489299	+	IPO11
4	13800702	+	KCNE5
28	2401470	-	ONECUT3
27	6243545	+	HOXB4
4	54534509	+	MAD2L1
23	5348814	-	BSDC1
10	13453317	-	ABHD2
1	183766300	+	MMP10
27	6243716	+	HOXB4
10	13462876	-	ABHD2
2	75401289	-	BASP1
19	7073888	+	GLOD4
4	13813922	-	NXT2
2	75365707	-	BASP1
4	13876602	+	IRS4
2	75363636	-	BASP1
19	7086290	-	
3	45688264	-	PNLDC1
27	6260733	+	HOXB3
1	134464050	+	PDCL3
2	75406459	-	BASP1
6	24136936	+	SUFU
27	6266092	+	HOXB3
1	183777824	+	
5	161370	+	GRK2
2	124331362	-	CALB1
8	16810670	+	LPAR3
27	6267109	+	HOXB3
14	15224073	-	ERI2
7	4804962	+	RAB17
15	1326281	+	COMT
33	5725015	-	LARP4
2	124525878	-	TMEM64
12	10148820	-	MCM2
27	6277279	+	HOXB2
7	35658764	+	GALNT13
3	45691597	-	MRPL18
7	4805027	+	RAB17
15	1326923	+	COMT
Z	19995570	-	HTR1A
3	93634842	-	TSSC1
7	4807157	+	RAB17
20	10113124	+	TM9SF4
1	183793774	+	MMP1
15	1327924	+	COMT
5	177604	-	
15	1329434	+	COMT
9	4924316	-	NEU4
20	10140317	-	PLAGL2
13	14367414	+	ADAMTS2
6	24231051	+	TRIM8
10	13474537	+	MFGE8
7	4814151	-	PRLH
15	1331899	+	COMT
3	45691777	+	TCP1
4	14021011	+	
9	4943942	-	D2HGDH
6	24283161	-	ARL3
4	14098673	+	
1	84517093	-	
2	124557381	+	NECAB1
27	6468426	-	SNX11
Z	20155082	+	RGS7BP
7	35735910	+	KCNJ3
13	14581358	-	CNOT6
10	13483840	+	HAPLN3
Z	20211616	-	SREK1IP1
7	36038300	-	NR4A2
10	13484187	+	HAPLN3
17	6180976	+	ASS1
27	6468627	+	CBX1
19	7086471	+	VPS53
1	84526837	-	TAF13
7	36037744	-	NR4A2
19	7138271	+	RFLNB
8	16844808	+	SSX2IP
1	183804597	+	MMP27
14	15224075	+	REXO5
3	93695541	-	ADI1
18	10337709	-	MYCBPAP
23	5375189	-	ZBTB8OS
2	28476110	+	BZW2
20	10142922	+	POFUT1
2	28478331	+	BZW2
9	4951651	-	ING5
14	15263173	-	DCUN1D3
33	5759528	+	CERS5
1	183873073	+	MMP7
13	14628119	+	GFPT2
8	16869042	+	VTG2
Z	20211836	+	CWC27
3	45707626	-	ACAT2
23	5376144	-	ZBTB8OS
1	84532502	-	GTPBP8
5	199870	+	RAD9A
9	4951779	+	DTYMK
2	124623485	-	C8orf88
6	24283253	+	SFXN2
8	16903337	-	
33	5782690	-	GPD1
3	45713103	+	WTAP
Z	20519860	-	ADAMTS6
3	45713625	+	WTAP
33	5785303	-	
10	13532280	-	ACAN
18	10375108	-	ACSF2
6	24283421	+	SFXN2
2	124623003	-	C8orf88
3	93703548	-	RNASEH1
33	5793178	-	SMARCD1
5	204543	-	PPP1CA
1	84536001	+	CD200R1L
2	124622691	-	C8orf88
20	10147922	+	KIF3B
6	24317980	+	WBP1L
18	10351958	+	
20	10148897	+	KIF3B
8	16918916	+	
4	14114315	-	ATG4A
2	28543436	+	TSPAN13
33	5813145	-	ASIC1
1	183903226	+	TMEM123
3	93709143	+	RPS7
27	6496355	+	PRR15L
2	124662069	-	TMEM55A
5	205918	+	CARNS1
10	13591422	+	
23	5376041	+	RBBP4
8	16940149	+	CTBS
Z	20570488	-	CENPK
2	28566950	-	AGR2
3	45740686	+	SOD2
20	10225102	-	NOL4L
Z	66270151	+	PTBP3
4	14114460	+	PSMD10
Z	66270271	+	PTBP3
27	6500829	-	PNPO
8	16953709	-	
3	45929214	-	FNDC1
2	28597092	-	AGR3
27	6508099	-	SP2
19	7178655	+	DOC2B
3	93724843	+	COLEC11
1	134748547	+	CNOT11
8	16965095	-	
9	4978293	-	ATG4B
7	36056082	+	GPD2
3	93915354	+	
5	23544732	+	LRP4
Z	66270530	+	PTBP3
14	15263226	+	LYRM1
3	45975584	-	SF3B5
2	124677733	+	OTUD6A
10	13615857	-	MRPS11
27	6519522	+	SP6
7	36065935	+	GPD2
8	16965972	+	GNG5
Z	20570577	+	PPWD1
1	23349811	+	FAM3C
3	46008049	+	STX11
7	36066556	+	GPD2
4	14142349	-	VSIG1
19	7197445	+	OPNP
1	23351578	+	FAM3C
3	94248330	-	
3	94248342	+	
4	14162384	+	
4	54716739	+	FABP2
9	4978226	-	ATG4B
1	84661651	+	CCDC80
1	23352078	+	FAM3C
4	54720821	+	
5	225860	+	CABP4
10	13615877	+	MRPL46
1	134825508	-	RFX8
14	15267998	+	LYRM1
Z	66362196	+	SUSD1
4	54752851	-	USP53
12	10777616	+	TXNRD3
1	54676399	+	GLT8D2
1	23554158	-	CPED1
2	75767746	+	MARCHF11
7	36204915	+	
4	14195244	+	RAB39B
6	24344520	+	BORCS7
20	10245423	-	COMMD7
19	7215429	-	
5	234140	-	OSBP
3	94986009	-	CMPK2
7	36213483	-	ERMN
Z	66484239	-	UGCG
14	15290828	-	
5	238674	-	PATL1
28	2523110	+	UQCR11
4	54793119	-	MYOZ2
6	24348004	+	AS3MT
4	54903904	-	SYNPO2
Z	66536727	+	
4	14211407	-	VBP1
7	36226734	-	CYTIP
27	6528918	-	
Z	20606613	+	SHLD3
19	7220377	-	
9	4978915	+	THAP4
14	15344033	-	
3	8231020	+	LHCGR
27	6528661	+	MRPL10
Z	66555133	+	SHOC1
27	6530426	+	OSBPL7
1	84700015	-	SLC35A5
1	84700553	-	SLC35A5
5	239515	+	STX3
Z	66596998	-	GNG10
23	5417808	-	YARS
14	15345874	+	
18	10388535	+	MRPL27
Z	66607870	-	
8	17005989	+	
1	84701091	-	SLC35A5
9	4983311	-	
3	8265723	-	GTF2A1L
14	15347240	+	
1	54704028	-	TDG
5	244816	-	MRPL16
13	14754116	+	RASGEF1C
3	95000776	+	RNF144A
9	4995216	+	ESPNL
19	7228177	+	RAD51C
1	23587086	-	ING3
1	54703831	+	C1H12ORF73
3	95288937	-	
8	17029086	-	THAP10
5	250177	-	
27	6545277	-	TBX21
28	2551411	+	MEX3D
27	6557437	-	
23	5438486	-	FNDC5
19	7304190	+	PPM1E
12	11032726	-	KLF15
8	17020087	-	SAMD13
27	6565263	-	
18	10410104	-	XYLT2
7	36305671	+	UPP2
3	95853920	+	ID2
23	5443485	+	HPCA
1	84701318	+	ATG3
12	11055336	+	CFAP100
27	6591811	-	KPNB1
23	5449628	-	RNF19B
7	36353560	-	CCDC148
1	84730514	+	F5
18	10414906	-	CD300LG
10	14396229	+	KLHL25
12	11078082	-	
1	23609312	+	TSPAN12
11	11136709	-	UBA2
2	76157176	+	ANKH
5	258436	+	
1	23926311	-	KCND2
23	5477371	-	AK2
3	8350293	-	EHD3
18	10417773	-	
5	261217	+	BAAT
27	6625586	+	MRPL45
28	2605473	-	SH3GL1
1	184077150	-	C1H11ORF70
12	11103940	-	UROC1
15	1558449	+	TANGO2
1	84792952	+	CCDC181
14	15363700	-	ZP2
5	23683121	-	F2
27	6637053	-	
18	10428712	+	RAB37
12	11116418	+	
11	11143038	-	PDCD2L
17	6255537	+	PRDM12
1	184140429	-	CEP126
3	8390484	+	GALNT14
15	1559672	+	TANGO2
28	2605859	+	CHAF1A
4	54999992	-	METTL14
13	14827875	+	CLK4
19	7334393	-	TRIM37
12	11175396	-	CHCHD4
14	15365556	+	ANKS4B
5	56371803	+	ATG14
3	46628360	-	EPM2A
2	76272533	-	OTULIN
3	96033545	-	MBOAT2
19	7342479	-	SKA2
15	1582715	+	DGCR8
3	95966828	+	
11	11153143	-	
1	184143212	+	ANGPTL5
28	2626103	-	UBXN6
12	11175609	+	TMEM43
1	184166252	+	
14	15382016	-	CRYM
18	10437507	+	SLC9A3R1
5	56427632	-	FBXO34
12	11196767	-	XPC
1	184188322	+	
23	5484215	+	NDUFS5
13	14943967	+	
20	10263977	+	MAPRE1
19	7343996	+	PRR11
15	1604407	-	TRMT2A
1	184193317	+	
1	184253334	-	
3	8479768	+	CAPN13
19	7348128	+	
12	11198197	+	LSM3
4	55019083	+	PRSS12
23	5489805	+	
17	6263125	+	EXOSC2
1	54718953	-	HSP90B1
5	56433608	+	DLGAP5
19	7353284	+	GDPD1
17	6313958	+	ABL1
7	36444096	+	DAPL1
1	54748399	+	NT5DC3
17	6340045	-	
10	14484749	-	
17	6354483	-	FIBCD1
7	36480800	+	TANC1
20	10288014	+	BPIFB3
19	7369597	+	YPEL2
17	6362676	+	
5	56460218	-	LGALS3
28	2628379	+	HDGFRP2
Z	20653718	-	SGTB
2	29025740	-	SNX13
14	15382194	+	UQCRC2
17	6375001	+	
5	56474283	-	MAPK1IP1L
4	14306628	-	GAB3
5	273260	-	PRPF19
19	7410886	+	DHX40
10	14545340	-	
1	184494415	+	PGR
10	14650564	+	SV2B
4	14314490	+	SMARCA1
3	8715863	-	LBH
Z	20653928	+	NLN
5	56496095	-	SOCS4
17	6378663	+	AIF1L
9	5044890	+	AGXT
1	184703043	-	ARHGAP42
13	14996960	+	PHYKPL
10	14786967	+	SLCO3A1
9	5051725	-	MAB21L4
5	56495757	-	SOCS4
28	2642578	-	PLIN4
17	6391825	+	NUP214
5	56496547	+	WDHD1
3	8745336	-	YPEL5
5	283574	+	
15	1710867	+	PGAM5
2	125457398	-	TRIQK
28	2642388	-	PLIN4
28	2645374	-	
2	125727025	+	
27	6761649	-	
6	24515369	+	INA
5	23739312	+	HARBI1
17	6443322	-	
28	2647955	-	
3	8745985	-	YPEL5
7	4976701	-	COPS8
1	84913575	-	ATP1B1
19	7424483	+	CLTC
27	6774936	+	MLLT6
2	76572049	-	TRIO
1	54929442	+	
1	24495990	-	LSM8
3	8743735	-	YPEL5
17	6443823	-	
18	10504172	-	GRIN2C
14	15415290	+	
28	2668955	-	SEMA6B
4	55373715	-	
3	8740033	-	YPEL5
28	2659855	-	SEMA6B
19	7456543	-	PTRH2
10	14943862	+	ST8SIA2
5	56530534	+	GCH1
3	8772209	+	
1	55068233	-	ASCL1
1	85034495	+	DPT
5	56624336	-	SAMD4A
28	2661193	+	
17	6447598	+	PLPP7
7	5071201	-	CXCR7
4	56092083	+	NDST4
28	2698634	-	ANKRD24
10	15004493	-	FAM174B
14	16007197	+	
14	16037621	-	
10	15061660	+	CHD2
5	289584	+	CD5
9	5078417	-	
Z	20851933	+	SREK1
7	5114780	+	IQCA1
33	5916725	-	TWIST3
14	16042224	+	
6	24549491	-	PCGF6
14	16072819	+	
14	16104679	-	
11	11177848	-	
1	85121273	+	XCL1
2	125753939	-	RBM12B
Z	20884276	+	
14	16138170	-	
3	9011945	+	
11	11177806	-	
5	56641644	-	CGRRF1
Z	20934278	-	
33	5940135	-	SLC48A1
11	11165546	-	
14	16113435	+	
7	5202714	+	ASB18
5	23743965	+	AMBRA1
2	29101783	+	
27	6813789	+	
22	2424	+	
1	24616305	+	CTTNBP2
1	85223485	-	TBX19
1	55078825	+	PAH
11	11171267	-	
7	5218437	+	GBX2
22	9347	-	
28	2700507	+	SIRT6
22	7483	+	
15	1824195	-	CHFR
27	6822517	+	PSMB3
11	11180749	-	
28	2712155	-	CREB3L3
22	14283	-	
27	6842574	-	PIP4K2B
22	14132	-	
15	1824720	-	CHFR
6	24550190	+	TAF5
1	85239081	-	SFT2D2
22	19265	-	MRPS24
3	96190814	-	ITGB1BP1
5	56643329	+	GMFB
22	26405	+	
18	10528464	-	FADS6
22	30260	-	
4	15544105	-	SH2D1A
3	9091825	+	ALK
22	44318	+	
1	85248944	-	TIPRL
2	29400058	+	
27	6847854	-	CWC25
3	46971121	+	RAB32
10	16270623	+	NR2F2
3	46999386	+	
18	10546076	-	USH1G
13	15046001	-	WNT8A
18	10548514	+	OTOP2
2	29567600	-	TWIST1
28	2712374	+	MAP2K2
1	85247196	+	GPR161
4	56291709	-	UGT8
28	2731462	-	C2CD4C
27	6857164	-	RPL23
13	15064699	-	
3	9136655	-	CLIP4
22	69238	+	REEP4
5	23886637	-	MDK
2	29586794	-	FERD3L
10	16900546	+	ARRDC4
6	24564958	-	USMG5
1	85262293	+	
5	300441	+	PGA5
3	9144569	+	PCARE
22	80793	+	
28	2740719	-	
1	55123158	+	
18	10560018	+	OTOP3
2	125906330	-	CDH17
6	24564969	-	USMG5
4	56292940	-	UGT8
19	7456617	+	VMP1
1	85278733	+	
8	18095888	-	ADGRL2
4	56291120	-	UGT8
2	29754175	-	TWISTNB
27	6858767	+	LASP1
11	11193897	-	
6	24565603	+	PDCD11
19	7460560	+	VMP1
4	56278470	-	UGT8
23	5607968	+	
5	56658775	+	CNIH1
22	96276	-	
8	17962957	-	ADGRL2
7	5522177	-	AGAP1
22	102735	-	
11	11193985	+	CIAO2B
12	11645027	+	CCDC174
33	5983859	-	NEUROD4
4	56443111	+	ARSJ
Z	66692894	+	PTGR1
27	6889815	-	FBXO47
33	6007297	-	
1	55281097	+	IGF-I
5	56672072	-	CDKN3
2	125935308	-	GEM
6	24595374	-	CALHM2
27	6910109	-	PLXDC1
Z	66703432	+	PTGR1
33	6012282	+	PPP1R1A
Z	66715631	-	
1	85295598	-	
1	185011575	+	
11	11211167	+	RRAD
23	5615013	-	PPIE
6	24600153	-	CALHM1
2	76621805	+	DNAH5
4	15672807	-	BIRC8
11	11305631	-	PDP2
18	10593558	+	CDR2L
5	303300	+	
23	5628117	-	PABPC4
1	85302808	+	
15	2645754	+	GALNT9
3	9211550	-	FAM179A
12	11664478	+	
4	15672256	-	BIRC8
6	24606364	-	CALHM3
17	6519929	+	POMT1
10	17114479	+	PGPEP1L
5	310594	-	VWCE
13	15119211	-	PKD2L2
3	9194676	-	FAM179A
5	57248827	-	MDGA2
11	11319529	-	CA7
18	10611928	+	MRPL58
5	57044011	+	
33	6028461	+	
Z	66729464	-	TXN
5	57049205	+	
19	7528589	-	TUBD1
3	96191000	+	CPSF3
13	15132751	-	MYOT
1	55417954	-	PARPBP
1	24799631	+	ASZ1
18	10620124	+	
6	24677212	+	NEURL1
Z	66871680	-	SVEP1
1	24840450	+	WNT2
13	15168718	-	NPY6R
5	57738431	-	RPS29
2	126027308	-	RAD54B
13	15180801	+	HNRNPA0
1	55372179	+	PMCH
17	6537248	-	UCK1
2	126011030	-	FSBP
3	96209831	+	IAH1
2	126031779	+	
2	77796122	+	
18	10627074	-	ATP5PD
23	5655702	-	HPCAL4
5	57745609	+	MGAT2
2	126075321	-	VIRMA
1	186248196	+	MAML2
Z	21600456	+	PIK3R1
13	15400987	-	SPOCK1
5	326196	-	DDB1
2	77868375	+	
28	2761469	+	TPGS1
5	57761672	-	DNAAF2
3	9237768	-	WDR43
5	326516	+	TKFC
2	126080168	+	ESRP1
19	7528763	+	RPS6KB1
8	18989399	+	VTG1
7	5604055	+	TRPM8
15	2871281	-	NOC4L
3	47340007	+	SAMD5
1	55418026	+	NUP37
Z	66921865	+	MUSK
3	47674685	+	
2	126123521	-	
28	2764612	+	CDC34
Z	21642648	-	
18	10626968	+	KCTD2
8	19107262	-	PTGFR
10	17264663	-	IGF1R
Z	67081222	-	LPAR1
2	77959386	+	
3	47909859	+	UST
11	11323708	+	NAE1
1	55450039	+	WASHC3
2	30069508	+	
8	19211722	-	GIPC2
10	17303559	+	SYNM
3	9237777	+	TRMT61B
12	11743554	+	
3	48169255	+	TAB2
2	78125211	+	DAP
7	5641273	+	SPP2
2	78221561	-	ANKRD33B
3	48212692	-	ZC3H12D
1	55507806	-	DRAM1
2	30163980	-	SP8
10	17303721	+	SYNM
17	6715908	-	MED27
5	57779793	-	POLE2
8	19242727	-	DNAJB4
12	11752319	+	
18	10639258	+	SLC16A5
17	6746034	+	NTNG2
7	5641332	+	SPP2
7	5750646	-	ARL4C
28	2785948	+	HCN2
7	5812663	+	SH3BP4
11	11336170	+	TERB1
3	48239861	-	PPIL4
28	2814078	-	POLRMT
1	55560638	+	
7	5843614	-	UGT1A1
23	5678872	-	TRIT1
7	5891470	-	
15	2923298	-	PUS1
2	78270831	-	ROPN1L
12	11778259	+	SETD5
23	5684455	-	MYCL
28	2814162	+	FGF22
17	6827457	-	TTF1
12	11825943	-	LHFPL4
2	78272601	-	ROPN1L
27	6926456	+	RPL19
2	78270887	-	ROPN1L
2	30567159	-	CDCA7L
17	6827636	+	CFAP77
1	186489972	+	MTMR2
3	96245797	-	ADAM17
17	6883357	+	BARHL1
9	5150308	-	HDLBP
1	186496522	+	MTMR2
19	7564936	+	MED13
23	5688384	+	MFSD2A
18	10653105	+	ARMC7
9	5151187	+	SEPTIN2
2	126206530	+	
1	186503567	+	MTMR2
9	5152333	+	SEPTIN2
23	5701544	+	CAP1
4	16056673	-	
27	6950324	-	FBXL20
1	186558375	-	CEP57
6	25030819	-	STN1
18	10680838	-	SUMO2
1	186558472	+	FAM76B
27	6964451	-	MED1
4	16382396	+	C1GALT1C1
15	3017600	-	
7	5903680	+	USP40
33	6047356	+	
6	25039301	-	STN1
33	6060806	-	
9	5174155	+	FARP2
5	331424	+	TMEM138
3	9267920	+	MSH2
6	25039202	-	STN1
27	6965457	+	CDK12
33	6082920	-	
5	332886	+	TMEM138
9	5179595	+	FARP2
3	9323708	-	KCNK12
Z	67319346	+	TOPORS
27	7003871	-	NEUROD2
9	5182688	+	FARP2
3	9383316	+	MSH6
4	16392362	-	MCTS1
7	5942946	+	TRAF3IP1
2	30744614	-	RAPGEF5
1	186767598	-	ENDOD1
33	6187895	+	
7	6003930	+	ASB1
3	9458482	-	FBXO11
5	335596	+	
Z	21910292	+	CENPH
2	126250048	+	INTS8
3	96292983	-	YWHAQ
10	17343951	+	LRRC28
23	5713960	-	PPT1
5	344733	-	CPSF7
33	6197194	+	
3	96292387	-	YWHAQ
33	6208468	-	
33	6232509	+	
11	11391261	+	CMTM4
3	48281305	-	KATNA1
3	48281189	-	KATNA1
7	6157285	+	TWIST2
3	48303618	-	LATS1
33	6260436	+	
28	2829312	-	RNF126
19	7615239	+	INTS2
9	5256309	-	STK25
33	6266746	+	TRPT1
Z	67708022	-	ELAVL2
1	85470351	-	COL8A1
22	254899	+	GFPT1
27	7039367	+	PNMT
5	346692	+	LRRC10B
3	48314982	-	NUP43
2	30878365	-	TOMM7
22	383689	-	ANTXR1
27	7045309	-	PGAP3
Z	68707323	-	CAAP1
2	126285443	-	CCNE2
5	366567	-	SYT7
1	186781159	+	CWC15
23	5714104	+	RPL11
Z	21927561	+	CDK7
17	6935800	-	DDX31
1	25036960	-	CAPZA2
1	186781349	+	CWC15
17	6935885	+	GTF3C4
28	2850872	-	
3	9524890	+	FOXN2
1	186872104	-	AMOTL1
3	9525312	+	FOXN2
1	186919080	-	FUT4
12	11861563	+	BRPF1
3	9533692	+	FOXN2
1	186931852	-	
5	404784	+	DAGLA
11	11439881	-	CMTM3
22	405357	+	GKN2
3	9536676	+	FOXN2
33	6287371	-	STIP1
22	421956	+	BMP10
1	186935320	-	ANKRD49
10	17533004	-	LYSMD4
1	186935262	-	ANKRD49
17	7014742	-	
19	7631791	+	BRIP1
5	57810249	+	KLHDC2
2	126322422	+	NDUFAF6
11	11442605	-	CMTM3
9	5256404	+	BOK
27	7047943	+	ERBB2
11	11442032	-	CMTM3
12	11877807	-	CAMK1
5	487714	-	TMEM258
23	5719446	+	TCEB3
3	48319824	+	PCMT1
9	5258003	+	BOK
7	6433721	-	HDAC4
5	57811758	+	KLHDC2
28	2849820	+	PALM
17	7014967	+	SPACA9
12	11881077	-	TADA3
9	5263518	+	BOK
27	7056891	-	MIEN1
9	5264012	+	BOK
17	7015014	+	SPACA9
11	11442802	-	CKLF
33	6300619	-	OTUB1
19	7759275	-	TBX4
2	126348499	+	PLEKHF2
23	5732085	+	PITHD1
13	15833180	-	SMAD5
1	25147690	-	MET
2	126358885	+	PLEKHF2
19	7786908	-	TBX2
5	488088	+	FEN1
17	7027504	-	
1	25189414	-	
12	11881167	+	ARPC4
5	489264	-	
3	48368306	-	LRP11
18	10717873	-	GGA3
13	15893088	-	TGFBI
9	5299258	-	ETV5
17	7041507	-	
3	48424046	+	PPP1R14C
5	498546	-	OLFR4
1	25216271	-	CAV1
4	57115081	+	
12	11885084	+	
5	506771	-	OR8D4
10	17767097	-	CERS3
5	510343	-	
28	2891890	-	
1	85718966	-	
7	6593641	-	NDUFA10
12	11885120	+	
5	514262	+	
1	25231414	-	CAV2
28	2891828	-	
3	48530510	+	IYD
2	78327060	+	
23	5733966	+	LYPLA2
4	57119098	+	
4	16448493	-	ATP1B4
17	7053329	+	GFI1B
2	126686707	-	GDF6
33	6309066	+	SIPA1
3	48624389	+	PLEKHG1
5	533211	-	TCIRG1
4	57167350	-	ALPK1
12	11888869	+	JAGN1
13	15913091	+	LECT2
12	11892296	+	
23	5744336	-	GALE
3	48743410	+	MTHFD1L
5	23975322	-	CREB3L1
33	6321636	-	
5	536046	-	NDUFS8
4	16450062	+	TMEM255A
19	8120568	-	PPM1D
5	539146	-	
10	17779728	-	LINS1
3	96486785	+	KLF11
7	6598427	+	AHR2
4	16483164	-	ZBTB33
1	25342793	-	TES
2	126720504	-	UQCRB
4	57199844	-	AP1AR
2	78356447	+	
10	17779753	-	LINS1
11	11459727	-	
9	5328489	+	
17	7073101	+	CEL
7	36710535	+	NAA20
33	6336644	-	
2	78379457	+	SBK2
10	17777971	-	LINS1
5	57844116	-	NEMF
33	6338302	+	
4	57223543	-	FAM241A
27	7093741	+	ZPBP2
33	6343077	-	
11	11501923	-	BEAN1
3	96516162	+	RRM2
3	48969226	-	ZBTB2
9	5334604	+	SUMO3
20	10301910	-	BPIFB2
Z	68726465	+	IFT74
4	57785050	+	PITX2
13	15932584	-	FBXL21
4	16483185	+	NKAPL
7	6622423	+	
17	7080384	+	GTF3C5
9	5336966	+	UBE2G2
Z	68726664	+	IFT74
12	11930527	-	KLHDC8B
5	57851512	+	ARF6
4	57859115	-	ENPEP
5	549510	-	
17	7108362	-	
1	25367738	+	TFEC
10	17780255	+	ASB7
9	5380854	-	TRPM2
4	16491587	-	AKAP14
10	17786540	+	ASB7
3	48994506	-	RMND1
2	126739489	-	MTERF3
Z	68738470	-	
19	8127011	+	APPBP2
5	57869575	-	
12	11935530	-	
12	11938359	+	CCDC71
18	10729214	-	MIF4GD
1	55729543	-	SPIC
27	7106164	+	THRA
4	16494113	-	NDUFA1
18	10730032	-	MIF4GD
3	48996729	+	ARMT1
1	186958524	+	GPR83
5	57866374	-	
27	7152093	+	THRA
1	55712033	-	SPIC
5	57917081	-	SOS2
17	7137248	-	GBGT1
5	555689	+	UNC93B1
11	11547898	-	CDH5
8	19331487	-	MIGA1
13	15950868	-	IL9
27	7109348	+	ORMDL3
13	15957612	-	IL9
3	96721221	+	HPCAL1
18	10738621	-	SLC25A19
13	15954500	+	
1	135054624	+	IL1R2
3	96721288	+	HPCAL1
9	5393247	+	COPS9
4	16494368	+	UPF3B
23	5747633	-	HMGCL
15	3487600	-	RAN
19	8238203	+	ZNHIT3
5	566539	-	
8	19332100	+	USP33
3	96747228	+	HPCAL1
9	5403001	-	ADIPOQ
20	10341156	-	CDK5RAP1
1	187029048	-	HEPHL1
2	78413636	-	CCT5
15	3487374	-	RAN
2	126738656	+	PTDSS1
3	96755278	+	HPCAL1
12	11951567	+	
18	10779489	-	GRB2
4	16501944	+	RPL39L
2	30953027	+	KLHL7
20	10348637	-	
12	11955258	+	
22	479245	+	PCNA
5	567699	+	RAB15
8	19375099	+	ZZZ3
3	96767474	+	HPCAL1
13	15976071	-	SLC25A48
7	6687383	-	SLC19A1
10	17875706	+	ALDH1A3
1	55733220	+	PARP12
Z	22173992	-	
5	57934496	+	ATP5S
23	5752219	-	FUCA1
19	8262292	-	CA4
3	9676896	+	B3GNT2
23	5754330	-	CNR2
4	58003975	-	
5	57934571	+	ATP5S
5	574129	-	CHURC1
1	135111322	+	IL1R1
19	8290252	-	MYO19
3	9678208	+	B3GNT2
1	135138720	+	
13	16035275	+	CXCL14
3	9733446	-	TMEM17
2	126817624	+	SDC2
5	57947538	-	CDKL1
1	187042107	+	TM4SF1a
11	12119543	+	CDH11
23	5759074	+	PNRC2
4	57922324	+	ELOVL6
2	30977907	+	NUP42
13	16055691	+	NEUROG1
5	24151840	-	LARGE2
1	26110344	-	FOXP2
22	484297	+	TMEM230
11	12177727	+	CDH11
19	8290811	+	PIGW
27	7118276	+	GSDMA
20	10367592	+	TGM2
10	18044858	-	CHSY1
4	16507527	+	SEPT6
23	5774220	-	SRSF10
22	484335	+	TMEM230
Z	22214446	-	TENT2
1	26239455	-	
3	96788676	-	ODC1
1	187061747	+	
10	18102222	+	
Z	68871648	-	MOB3B
Z	22241850	+	HOMER1
2	31001097	-	
18	10870598	+	MCHR1
1	26502865	+	PPP1R3A
23	5779203	-	LBFABP
2	31023696	-	
Z	22404480	-	JMY
1	187083455	+	VSTM5
1	26817562	+	GPR85
2	31039684	+	
2	31056888	+	
3	9984822	+	OTX1
10	18058892	-	SELENOS
2	31073303	+	
2	31108849	+	
3	10131875	-	WDPCP
2	31118199	+	
Z	68933276	-	C9orf72
20	10402171	-	RPRD1B
18	10881723	+	TSEN54
7	6712367	+	
23	5804872	-	MYOM3
Z	22452194	-	
28	2926579	-	PLPPR3
23	5818061	-	IL22RA1
18	10892959	+	LLGL2
5	24156326	+	PEX16
4	16533304	+	NKRF
Z	22452215	+	DMGDH
Z	69263974	-	LINGO2
Z	70412769	-	
18	10972550	-	
2	126884462	+	CPQ
17	7154369	-	
5	24157402	+	PEX16
18	43337	+	
3	96904691	-	NOL10
1	85747773	+	
18	53380	-	
18	11094465	-	
18	11202373	+	
2	31127614	+	GPNMB
1	85747842	+	
8	19534794	+	PIGK
18	11261982	-	
1	26946875	+	TMEM168
1	85910572	+	
5	602722	+	
12	11995005	+	
2	126884517	+	CPQ
Z	22502339	+	ARSB
18	11293920	-	
2	79211008	-	MTRR
2	126887310	+	CPQ
4	16552461	-	UBE2A
18	11317535	-	
19	8296187	+	GGNBP2
1	27056263	-	LSMEM1
8	19673054	-	ST6GALNAC5
2	127179200	+	
Z	22593889	+	LHFPL2
26	44364	-	SMPD2
Z	22702753	+	LHFPL2
18	11342654	+	
22	501885	+	SLC23A2
4	16552918	+	STEEP1
18	55594	+	ZNF302
20	10422917	-	VSTM2L
5	619429	+	
22	501916	+	SLC23A2
3	10131713	+	MDH1
10	18064076	-	SNRPA1
2	127179558	+	
4	16563108	-	SLC25A5
23	5826643	-	
1	187105017	-	MED17
4	16581626	-	SLC25A43
2	79229716	-	C5orf49
18	118956	+	DHRS7C
5	58053138	-	SAV1
2	127225486	+	LAPTM4B
1	187108246	-	MED17
19	8314207	+	DHRS11
10	18090172	-	PCSK6
4	16592149	-	
20	10468083	-	CTNNBL1
27	7122029	+	PSMD3
25	29413	-	ARHGAP30
11	12824211	+	CDH8
19	8338870	+	MRM1
4	16596602	+	
1	27068635	-	IFRD1
22	559504	+	RASSF2
4	16596606	+	
18	148498	-	GSG1L2
1	85946022	+	TBC1D23
9	5412062	+	ST6GAL1
19	8536207	+	LHX1
3	96909880	+	ATP6V1C2
Z	70754829	-	TBC1D2
22	581857	-	PRNP
25	32660	-	
27	7128855	+	CSF3
2	127306463	+	MATN2
17	7158407	-	SURF6
1	187114711	-	C1H11ORF54
9	5413029	+	ST6GAL1
3	96910398	+	ATP6V1C2
Z	70754882	-	TBC1D2
1	27142306	-	ZNF277
4	16614220	-	PGRMC1
22	597992	-	PROM2
9	5413030	+	ST6GAL1
11	12897460	-	
1	56172463	+	
20	10491095	+	
4	58100247	-	LRIT3
11	12901183	-	
28	2947196	-	R3HDM4
Z	23086437	+	TBCA
11	13061932	-	
7	6741231	+	COL6A1
20	10502758	+	
17	7165164	-	MED22
Z	23138813	+	OTP
28	2949235	+	ARID3A
10	18143011	+	ANKDD1A
2	79556108	+	
2	127369732	-	RPL30
3	96943756	-	PDIA6
9	5413134	+	ST6GAL1
9	5413176	+	ST6GAL1
28	2971390	+	WDR18
3	97009136	+	KCNF1
20	10505844	+	
26	65837	-	TEAD3
13	16307444	+	PITX1
19	8547245	+	AATF
25	51105	-	NECTIN4
9	5419060	+	ST6GAL1
9	5422339	+	ST6GAL1
4	58112441	-	RRH
13	16314717	+	PITX1
33	6344648	+	RBM14
4	16706646	-	LONRF3
9	5423630	+	ST6GAL1
1	135205160	+	IL18R1
17	7165127	+	RPL7A
9	5423819	+	ST6GAL1
3	97160703	+	SLC66A3
33	6357287	-	
4	58120305	-	GAR1
9	5425855	+	ST6GAL1
18	153378	+	GLP2R
28	2984284	+	GRIN3B
5	58110070	+	
20	10508145	+	UBE2C
3	10164257	+	UGP2
Z	23183991	+	WDR41
23	5890689	+	NIPAL3
25	73811	-	
27	7149445	-	MED24
5	24206058	-	SLC35C1
11	13953742	+	
13	16368162	-	PCBD2
26	73128	-	TULP1
5	24229253	+	CHST1
6	25148150	+	SFR1
13	16373813	-	TXNDC15
3	10229406	-	VPS54
23	5890726	+	NIPAL3
9	5476509	+	
1	56329183	+	ATP6V0A4
13	16380816	-	C5orf24
20	10512737	-	TNNC2
33	6365609	-	
5	24241495	-	
9	5485166	+	
4	58121540	+	CFI
15	3647097	-	PIWIL1
13	16409679	-	DDX46
Z	23289222	-	
18	310620	-	GAS7
6	25192289	-	
20	10514689	+	SNX21
9	5509855	+	GPR55
15	3717110	-	FZD10
15	3797791	+	
11	13982142	+	VAT1L
Z	23332349	-	
6	25192520	-	
1	56355825	+	SVOPL
11	14040581	+	CLEC3A
20	10518982	-	ACOT8
17	7172719	-	SURF1
18	327016	-	
33	6374293	-	
13	16415262	-	CAMLG
1	86010298	-	TOMM70
1	135300958	+	SLC9A2
18	334903	-	
20	10518704	+	ZSWIM3
4	16731361	+	FAM199X
23	5903355	+	RCAN3
3	10289340	-	PELI3
2	31304603	-	TRA2A
7	6782467	+	COL6A2
5	24438035	+	
20	10523132	+	
23	5948459	-	
33	6383824	-	
20	10528418	-	NEURL2
17	7172768	+	SURF2
4	58136113	+	PLA2G12A
1	135347201	-	MFSD9
26	94225	-	FKBP5
27	7192660	+	RAPGEFL1
Z	23375581	-	CRHBP
6	25196883	+	GSTO2
33	6400340	+	
Z	70798064	-	APTX
26	94211	-	FKBP5
3	10338211	+	LGALSL
2	79786504	-	SRD5A1
6	25219175	-	ITPRIP
33	6409948	-	
9	5557609	-	ITM2C
Z	23392421	-	S100Z
1	86009787	+	LNP1
1	135354534	+	TMEM182
11	14060228	+	WWOX
6	25241877	+	CFAP58
3	97294099	-	E2F6
2	31310308	+	CCDC126
11	14174050	-	
Z	23422556	-	F2RL1
5	24451176	+	ZFYVE19
26	102258	-	CLPS
2	31314617	+	CCDC126
13	16440002	-	SEC24A
2	31315805	+	CCDC126
Z	23454784	-	F2R
1	136262887	+	POU3F3
17	7189309	-	SURF4
2	127487495	-	NIPAL2
27	7211269	+	CDC6
1	86036845	+	TMEM45A
10	18166727	-	SPG21
4	16845799	+	IL1RAPL2
2	127547149	+	KCNS2
5	24473533	-	
2	31327774	+	FAM221A
6	25384378	+	SORCS3
17	7189558	+	
18	360643	-	
3	97305446	+	GREB1
7	6820174	-	FTCD
9	5593648	-	CAB39
23	6092916	-	
1	56550352	+	AKR1D1
10	18166708	-	SPG21
26	103162	+	LHFPL5
9	5606749	-	CAB39
23	6036756	+	
11	15120384	+	DYNLRB2
3	10392727	-	
7	6834552	+	
15	4053657	+	SLC15A4
28	3010419	-	
17	7193290	+	
1	86063936	+	ADGRG7
26	103393	+	LHFPL5
13	16440102	+	SAR1B
11	15268801	+	CDYL2
15	4278736	-	TMEM132C
3	10440264	-	SERTAD2
26	127274	-	SRPK1
23	6056365	+	SLC25A44
2	79786750	+	NSUN2
15	4533475	+	
Z	70798089	+	DNAJA1
5	635160	+	
3	10532551	+	SLC1A4
9	5618012	+	
15	4535166	+	
2	79844144	-	UBE2QL1
11	15370037	-	CMC2
3	49428416	-	
9	5640778	+	HES6
13	16440809	+	SAR1B
2	127690679	-	STK3
8	19965089	-	PIF1
13	16518603	-	JADE2
3	49550704	+	MYCT1
2	79858774	+	MED10
5	24476147	+	
28	3018726	-	CNN2
1	86088878	+	TFG
5	24512475	-	RHOV
22	722266	-	PPP2R2A
1	136422429	-	TGFBRAP1
25	115212	+	PLEKHO1
2	127712044	+	OSR2
17	7204638	-	REXO4
23	6070881	+	BGLAP
5	24519457	+	VPS18
2	79926460	+	C7orf57
12	12044037	-	
1	27440774	+	IMMP2L
17	7205006	-	REXO4
25	115449	+	PLEKHO1
1	27618690	-	LRRN3
2	127772585	+	
8	19965263	+	FAM183A
3	10588209	-	RAB1B
1	28378307	-	
7	6880818	+	YBEY
18	398842	-	MYH1D
Z	70821962	-	SMU1
3	97859114	+	TRIB2
1	136427099	+	C1H2ORF49
25	152758	+	FCER1G
12	12046390	+	DALRD3
10	18187683	+	PDCD7
5	640937	+	
7	6883186	+	POFUT2
1	56633715	-	
25	160813	-	
13	16567580	-	UBE2B
5	640955	+	
17	7210355	+	
1	28571188	-	DNAJB9
1	56652446	-	
3	98052858	-	
1	28571147	-	DNAJB9
10	18195430	+	UBAP1L
23	6084772	+	
3	98225846	+	
10	18211496	-	KBTBD13
1	56731558	-	KDM7A
17	7226419	+	CACFD1
3	98547690	+	LRATD1
Z	70860940	+	SPINK4
23	6094430	+	TMEM79
3	49586424	+	VIP
23	6101481	-	
12	12069339	-	P4HTM
1	86147612	-	
6	26661814	-	XPNPEP1
8	19972442	-	EBNA1BP2
22	752073	+	EBF2
6	26664552	-	XPNPEP1
Z	70935594	+	XPA
12	12063727	+	
3	49702902	-	FBXO5
15	4784057	-	AACS
25	161090	+	SSR2
13	16586221	+	PPP2CA
1	136481145	-	FHL2
11	15378075	+	ATMIN
23	6112839	-	
1	187114813	+	
9	5755791	-	
5	646633	+	CABP2
3	49719357	-	MTRF1L
1	136467795	-	FHL2
15	4786518	+	BRI3BP
8	19971912	+	CFAP57
1	136456168	-	FHL2
10	18223420	+	MTFMT
2	79940291	+	UPP1
1	28633253	-	AVPR2
5	649566	+	CDK2AP2
8	19999913	+	TMEM125
23	6114723	+	
20	10541717	+	PCIF1
26	232994	-	TBC1D22B
11	15418047	-	GCSH
7	6923292	-	LSS
23	6121716	+	
8	20007420	-	C1orf210
1	56771091	-	SLC37A3
2	79940748	+	UPP1
1	28651041	+	PNPLA8
18	424203	-	MYH1F
8	20012281	+	TIE1
5	651021	+	
23	6128520	+	
12	12100919	-	ARIH2
2	127950434	+	
18	477172	-	MYH1A
7	6928671	+	S100B
2	79941219	+	UPP1
10	18251243	+	CGNRH-R
15	4807593	+	UBB
1	136578371	+	NCK1
26	241790	-	PIM1
13	16610573	+	SKP1
5	656839	+	
23	6145221	-	PEA15
4	58197414	+	PDLIM5
1	56771259	+	RAB19
3	49791807	-	RGS17
22	962634	+	KCTD9
1	187114814	+	
1	136578811	+	NCK1
2	127998085	+	
10	18261676	-	PARP16
28	3034572	-	POLR2E
1	136717949	+	ECRG4
13	16610584	+	SKP1
23	6147350	-	
Z	70975777	-	NCBP1
2	128172384	+	
12	12100869	+	SLC25A20
13	16610586	+	SKP1
1	187114818	+	
5	661828	-	AIP
Z	70975841	+	TSTD2
30	2134	-	
3	50129976	+	OPRM1
1	56801776	-	MKRN4P
30	8928	+	
2	128192313	-	COX6C
Z	23491652	+	F2RL2
4	17277041	-	
9	5850702	-	PIK3CB
12	12133753	+	PRKAR2A
22	973156	+	GnRH-I
1	187166088	-	
17	7264555	-	TMEM8C
4	17301974	+	RADX
10	18356598	-	IGDCC3
Z	23689449	-	SV2C
2	79958281	+	
5	24667321	+	CHAC1
9	5875710	-	FOXL2
25	173324	-	CTSK
22	1052989	-	DOCK5
28	3034833	+	GPX4
1	136782394	-	UXS1
Z	71015584	-	TMOD1
2	128243190	-	
1	56805534	+	
12	12187651	+	RPP14
1	187190153	+	SMCO4
9	6033561	+	MRPS22
4	17368832	+	TBC1D8B
30	21711	+	SLC44A2
1	187212111	+	SMCO4
Z	23821153	+	
2	31464055	+	NPY
8	20029182	+	CDC20
5	692319	-	NLRP3
1	187213200	+	SMCO4
22	1089882	+	NEFL
3	98936284	+	DDX1
4	17430410	-	
2	31577867	+	PALS2
5	673471	+	CEND1
2	128253983	-	
15	5046876	-	RFLNA
22	1103124	-	NEFM
3	99207484	+	MYCN
3	99208841	+	MYCN
12	12188216	+	HTD2
2	79990814	+	
1	56891283	+	ADCK2
1	56915364	-	
11	15458803	+	BCO1
1	187262877	-	DEUP1
12	12188894	+	HTD2
5	720725	-	GATD1
17	7270327	+	ADAMTSL2
3	50414485	+	SCAF8
17	7301422	-	FAM163B
1	187334925	+	SLC36A4
2	128303620	-	FBXO43
12	12188928	+	HTD2
4	58350823	+	BMPR1B
11	15474797	+	
4	17509318	-	VMA21
19	8701796	+	TADA2A
1	86382748	-	IMPG2
17	7312155	+	DBH
2	128294085	+	POLR2K
4	17631574	-	GPR50
Z	71057636	-	TDRD7
1	187544411	-	MTNR1B
1	56918175	+	NDUFB2
1	86424407	-	SENP7
28	3095142	+	STK11
Z	71152160	-	DGKQ
1	56918193	+	NDUFB2
2	128297877	+	
7	6996132	-	DIP2A
15	5140595	+	CCDC92
7	7010419	+	
19	8728278	+	DUSP14
28	3135591	+	ATP5F1D
15	5140976	+	CCDC92
19	8729484	+	DUSP14
1	28864808	+	
5	692121	+	PDDC1
1	86425648	+	
4	17651422	-	HMGB3
2	128316009	+	
15	5146237	+	CCDC92
9	6053320	-	COPB2
17	7331779	-	
Z	23901554	-	POLK
1	86426719	+	
9	6078035	-	RBP2
3	50592818	+	TIAM2
22	1205333	-	
3	11540824	+	ETAA1
2	128375825	-	RNF19A
Z	23905299	+	CERT1
9	6111344	-	RBP1
33	6498311	-	RELA
5	717693	-	TALDO1
2	80084190	+	
1	86432550	-	TXNL4B
2	31631552	-	DFNA5
22	1287781	+	STC1
33	6498650	+	
7	7147718	-	PCNT
1	86436587	-	TXNL4B
13	16717620	+	VDAC1
5	58156481	-	TRIM9
5	731173	-	
13	16733445	+	VDAC1
3	50704801	-	TFB1M
1	136998946	-	ST6GAL2
8	20069284	-	MED8
33	6509706	-	TMEM223
13	16734038	+	VDAC1
Z	23987189	-	MED18
2	80113068	+	
22	1307275	+	NKX2-6
3	50685551	+	CLDN20
1	86432580	+	TRMT10C
5	758616	-	
1	137035946	-	ST6GAL2
2	80358353	-	
1	136998579	-	ST6GAL2
1	136983023	-	ST6GAL2
2	128467721	-	ANKRD46
2	128467649	-	ANKRD46
13	16749773	+	C13H5orf15
5	24756733	+	CHP1
27	7255724	-	
20	10618315	-	NCOA5
30	88613	-	
1	137344058	+	SLC5A7
2	128467496	-	ANKRD46
22	1333078	-	SLC25A37
5	24756773	+	CHP1
1	86436740	+	PCNP
3	50762452	-	NOX3
17	7343652	-	SARDH
28	3149524	+	MIDN
33	6519412	-	
11	15602380	+	CMIP
27	7262040	+	IGFBP4
3	11846423	-	C1D
5	24795962	-	OIP5
18	517534	-	MYH1B
9	6366824	+	
11	15678088	+	PLCG2
1	86456704	-	ZBTB11
10	18484949	+	HACD3
3	11846476	-	C1D
9	6462980	+	CLSTN2
1	86465997	-	
2	80583440	-	ZPBP
12	12228998	-	PDHB
11	15735747	-	SDR42E1
2	31764714	-	CYCS
9	6799209	-	SPSB4
17	7446893	-	VAV2
12	12229086	+	KCTD6
1	86473519	-	RPL24
25	196453	+	SETDB1
12	12252445	-	ACOX2
11	15747635	+	HSD17B2
2	31772416	-	
27	7296472	-	CCR7
30	137049	+	
5	766241	+	DEAF1
1	137466314	+	SULT1C3
Z	24025406	-	HMGCR
2	80583586	+	SPATA48
25	215402	-	CERS2
2	128511542	-	PABPC1
1	86473466	+	
1	137479099	+	GCC2
25	219810	-	MINDY1
20	10684260	-	CDH22
9	6948708	-	SLC25A36
11	15783046	+	NAT
5	791818	-	DRD4
25	222992	+	PRUNE1
12	12269886	-	FAM107A
2	31804213	-	NPVF
11	15783050	+	NAT
3	11863372	-	WDR92
1	86479995	+	
5	24796212	+	NUSAP1
15	5211083	-	DNAH10
30	164241	-	
28	3176587	+	RBM3
25	229835	-	CDC42SE1
Z	71505016	-	PRR16
25	232015	+	MLLT11
3	51638185	-	TMEM242
15	5226925	-	ATP6V0A2
12	12275706	-	FAM3D
28	3183713	+	FAM174C
1	86495572	+	NXPE3
5	799481	+	SCT
3	11863403	+	PNO1
3	51660522	+	ZDHHC14
4	17781487	-	MTM1
30	169389	+	CDC37
3	100034888	-	
5	24817551	-	NDUFAF1
20	10731744	-	SLC35C2
30	178603	+	TYK2
28	3202721	+	EFNA2
3	51757870	+	
19	8809163	-	HNF1B
28	3248274	+	
5	24817277	+	RTF1
11	15793378	+	PNAT10
5	24874554	+	
5	58171795	+	TMX1
19	8831771	-	HEATR6
30	209904	+	
5	24896103	+	ITPKA
4	17870027	-	MAMLD1
17	7474581	-	BRD3
5	24952531	-	
22	1337732	+	ENTPD4
25	234226	+	GABPB2
5	24962654	-	
4	18045047	-	
Z	24089346	+	GCNT4
25	248366	-	SEMA6C
15	5235320	-	TCTN2
30	242895	+	TRAPPC5
3	11901866	-	PPP3R1
19	8845220	-	DYNLL2
5	58219426	+	GNG2
12	12348377	-	CFAP20DC
18	586932	-	MYH1E
3	11934921	-	CNRIP1
12	12348147	-	CFAP20DC
1	86521572	+	NFKBIZ
4	18056099	-	TMEM185A
5	24987701	-	
2	128565048	-	YWHAZ
3	51808003	+	SNX9
15	5240703	-	GTF2H3
2	128564465	-	YWHAZ
33	6532561	-	WDR74
22	1351044	+	LOXL2
11	15809325	-	MPHOSPH6
26	323882	+	ELF3
7	7165130	+	KMO
1	57019526	-	MRPS33
5	25115395	-	RPAP1
26	349399	+	GPR37L1
19	8854438	+	SRSF1
12	12938688	-	FHIT
5	25144346	+	
22	1393363	-	R3HCC1
1	57035276	+	TMEM178B
15	5240730	+	EIF2B1
6	26782952	+	MXI1
10	18505513	-	VWA9
1	188868223	+	CHORDC1
25	257326	-	TMOD4
19	8866264	+	VEZF1
2	128565423	-	YWHAZ
17	7495903	+	WDR5B
1	188922631	-	NAALAD2
22	1401116	-	
11	15966487	+	CDH13
33	6544142	-	TAF6L
28	3258993	+	MUM1L1
6	26842592	-	SMNDC1
3	51874584	+	SYNJ2
4	59862479	-	TSPAN5
5	58235042	+	C5H14orf166
10	18504658	-	VWA9
5	824101	+	BUB1B
26	365068	-	ARL8A
6	26933849	+	DUSP5
5	875773	+	
3	51945467	-	
10	18505021	-	VWA9
11	16561927	-	MLYCD
3	51963080	-	SERAC1
2	128563401	-	YWHAZ
5	58250852	-	
19	8884139	+	CUEDC1
6	26948857	+	SMC3
28	3266860	+	NDUFS7
30	268916	+	BCAP31
1	29166774	+	PDZRN4
30	272962	-	TAFAZZIN
27	7326276	-	KRT222
1	86683391	+	ZPLD1
17	7577223	+	RXRA
6	27058502	+	
19	8900796	+	MRPS23
27	7334241	-	KRT12
25	260117	-	VPS72
33	6566265	-	EML3
20	10745172	-	ELMO2
11	16629994	-	HSBP1
5	58266782	+	PTGDR
1	86693458	+	ZPLD1
6	27076471	+	
1	188953081	-	FOLH1
3	51964607	+	GTF2H5
Z	24206407	-	NSA2
11	16675822	-	KCNG4
33	6572561	-	
2	128629538	-	ZNF706
19	9107370	-	MSI2
Z	24207082	+	GFM2
22	1410592	-	CHMP7
3	51964650	+	GTF2H5
10	18508304	+	SLC24A1
30	273453	+	WDR13
1	57323475	-	DENND11
2	128627000	-	ZNF706
5	923778	-	PLCB2
5	58273131	+	PTGER2
5	932588	+	INAFM2
2	128720579	+	
33	6579564	-	
19	9144694	-	AKAP1
5	58332931	-	TXNDC16
1	137580308	+	
5	25149919	+	AXL
15	5251014	-	DDX55
3	11941428	+	PLEK
2	128751881	+	
3	52002017	+	TULP4
Z	71817816	+	
30	280766	-	SUV39H1
33	6593372	-	CAPN1
1	29620342	-	GXYLT1
30	284544	-	WAS
30	290414	-	TBC1D25
27	7340414	-	KRT40
33	6612541	+	
5	58333186	+	GPR137C
9	8096205	-	PAX3
33	6629529	+	FAU
3	11969604	-	FBXO48
2	80753070	-	FIGNL1
5	975245	-	
3	100057145	+	VSNL1
30	294497	-	
9	8110348	-	
33	6644738	-	BANF1
2	128829568	-	NCALD
9	8124373	+	SGPP2
27	7359237	-	KRT23
1	57325922	+	WEE2
3	11969571	-	FBXO48
7	7189495	-	ITGB2
1	29660476	-	YAF2
Z	24240761	-	HEXB
4	59919382	+	METAP1
4	18076806	-	
2	80753201	-	FIGNL1
Z	24273701	+	ENC1
27	7366365	-	KRT13
28	3273833	-	
1	57338774	+	SSBP1
7	7193153	+	
20	10750391	+	SNRPN
33	6661874	-	
10	18589348	+	RAB11A
1	189202896	-	TYR
30	304787	+	
2	128978291	-	RRM2B
1	29702640	-	ZCRB1
30	329492	-	
20	10752778	-	
7	7259184	+	ADARB1
11	16725796	+	WFDC1
5	58368109	-	ERO1A
13	17385594	-	
15	5258917	+	RILPL1
Z	71964912	+	DTWD2
26	374324	-	PTPN7
25	278428	+	PSMD4
30	342012	-	
2	80807342	-	DDC
11	16725941	+	WFDC1
Z	72229687	-	
27	7374026	-	KRT24
25	287155	+	ZNF687
5	1014454	+	KNSTRN
1	57351612	+	CREB3L2
4	18664987	-	
5	25361036	+	JMJD7
26	376406	-	PTPN7
15	5281901	-	SNRNP35
19	9173852	+	EVI2A
2	80842053	-	
30	362917	-	MECP2
15	5281948	-	SNRNP35
3	52142821	+	TMEM181
19	9178482	+	
27	7390151	-	
26	373685	-	PTPN7
4	59954096	-	ADH4
5	25367151	+	
30	383756	-	
12	13123560	+	PTPRG
2	80991947	-	GRB10
19	9182682	+	OMG
1	137609030	+	
26	374311	-	PTPN7
15	5282073	+	RILPL2
5	25395587	+	
1	189543239	+	CTSC
27	7391528	-	
25	315503	-	RFX5
30	389140	-	
5	58368967	+	PSMC6
4	18696911	-	FMR1
5	1019913	+	IVD
13	17414871	+	CSF2
4	18701837	+	
Z	24717639	-	UTP15
9	8181705	-	FARSB
3	52169351	-	DYNLT1
4	18717690	+	
1	189576307	+	RAB38
4	19319215	+	SLITRK2
5	1072537	+	BAHD1
5	25520280	-	
4	19638359	-	
7	7856153	+	GLS2
5	1094932	+	CHST14
18	626955	-	MYH1C
27	7402317	-	
33	6707310	-	
10	18882001	+	DIS3L
5	1118735	-	PRLHR2
15	5295410	-	
3	100170579	-	SMC6
9	8181677	+	MOGAT1
12	13519909	+	C3orf14
25	321806	-	
1	29702686	+	PPHLN1
13	17424076	+	IL3
3	12006782	-	PROKR1
19	9244014	+	WSB1
5	1132730	-	C5H15orf57
5	58381570	+	STYX
1	29833578	-	PRICKLE1
1	189999103	-	TMEM135
13	17430079	+	KK34
27	7408187	-	
22	1431392	-	RHOBTB2
12	13541861	-	FEZF2
1	29788776	-	PRICKLE1
3	52171021	+	SYTL3
3	12088678	+	BFSP1
22	1424358	-	
3	100169561	+	GEN1
1	190012922	+	FZD4
27	7417642	-	
25	332499	-	
1	30129302	-	ADAMTS20
19	9281049	+	
3	100204489	+	MSGN1
1	137694905	+	
1	190104302	-	PRSS23
1	87881272	-	CBLB
22	1439289	+	PEBP4
5	58403918	-	GNPNAT1
9	8222654	+	ACSL3
33	6729804	+	RUVBL2
27	7426747	-	
4	19768464	+	TRIM2
1	57668138	+	PTN
28	3300429	+	RPS15
20	10815864	-	EDN3
11	16776056	-	TLDC1
1	137712483	+	
25	339221	-	
2	81510158	+	
1	30190843	-	PUS7L
4	19800049	+	TRIM2
1	190149703	+	ME3
20	10853983	-	ZNF831
19	9302652	+	
5	25551896	-	EHD4
27	7433484	-	
2	81681589	+	
11	16776095	-	TLDC1
1	57668202	+	PTN
4	19831036	+	TRIM2
17	7734269	+	COL5A1
2	81689978	+	
1	57668829	+	PTN
3	52238151	-	EZR
10	18905366	-	TIPIN
27	7442565	-	KRT14
1	57809438	-	CHRM2
33	6743959	-	
11	16836168	-	COTL1
1	190279583	-	FAM181B
9	8280662	+	KCNE4
33	6769979	-	
1	57956111	-	
11	16837056	+	KLHL36
9	8389147	-	SCG2
33	6775152	+	CACNG7
30	400436	-	ELOF1
10	18905616	-	TIPIN
2	32195037	+	CBX3
5	58525746	-	DDHD1
3	100223336	-	ZPAX
2	81797922	-	
33	6783301	+	
30	399963	-	ACP5
3	100258029	+	KCNS3
20	10872054	+	PRELID3B
27	7449624	-	KRT17
33	6794824	-	
26	429845	+	LGR6
1	190326959	-	PRCP
7	7932691	-	STAT1
1	137725174	+	
33	6813562	-	
3	100534481	-	RDH14
2	129064019	-	UBR5
12	13893361	+	SNTN
1	58205713	+	MTPN
15	5299498	+	SBNO1
5	58717395	-	BMP4
5	25572134	-	
5	1137173	+	RPUSD2
12	13951645	-	THOC7
Z	24717663	+	ANKRA2
1	30191199	+	IRAK4
7	7974968	-	STAT4
28	3320439	-	
2	129063965	+	ODF1
1	58331877	+	FAM180A
20	10886028	+	
25	352320	-	SELENBP1
15	5358070	-	
18	662693	-	
1	137753896	+	
3	100547451	-	
25	352261	-	SELENBP1
27	7461455	+	EIF1
Z	24717720	+	ANKRA2
2	129103618	-	KLF10
3	100664319	-	
5	1160612	+	
3	100976156	-	
25	365295	+	POGZ
18	693716	-	SCO1
28	3319840	-	C19orf25
1	30197781	+	
18	693631	+	ADPRM
11	16858652	+	USP10
27	7465724	+	
3	52320528	+	RSPH3
4	19876668	+	MND1
20	10892358	-	TUBB1
5	25609281	-	
Z	24743170	-	BTF3
1	58369935	+	SLC13A4
28	3324408	-	REEP6
3	52353589	+	PLAGL1
27	7475380	-	
17	7908052	+	OLFM1
25	386254	-	PSMB4
22	1518465	+	BIN3
1	190364990	-	RAB30
5	25653875	-	
3	52388126	-	ZC2HC1B
3	101331559	+	
1	88466831	-	
26	499715	-	NELFE
30	422740	-	RAD23A
1	190384017	-	RAB30
1	58406158	-	C7orf73
17	8009102	+	PPP1R26
1	190407769	+	PCF11
3	101354281	-	TTC32
1	88686661	+	
22	1553924	-	
3	52401620	-	
Z	24901681	-	TMEM174
9	8438875	-	AP1S3
10	18908081	+	MAP2K1
17	8018376	-	C9orf116
22	1567044	-	
1	30222692	-	TWF1
30	424991	-	CALR
8	20126561	-	HYI
5	25695950	-	
5	1172527	+	RAD51
19	9361245	-	NOS2
2	129143181	-	AZIN1
17	8018445	+	MRPS2
1	58821965	+	PKP2
5	1183120	+	CYP1C1
1	58904234	+	YARS2
5	25748002	-	
27	7493324	-	JUP
10	18942751	-	SNAPC5
12	14122269	-	PRICKLE2
26	501760	+	SKIV2L
27	7498376	-	P3H4
5	25801921	-	PLA2G4F
25	400616	+	TUFT1
27	7499025	+	FKBP10
6	27094512	+	PDCD4
11	16909051	+	CRISPLD2
12	14195481	-	ADAMTS9
17	8031500	-	DIPK1B
11	16912927	+	CRISPLD2
2	82266423	+	VSTM2A
7	8016186	+	MYO1B
1	30261783	-	
6	27094532	+	PDCD4
7	8110141	-	
19	9404742	-	LYRM9
5	58929202	+	SOUL
26	510087	+	KLHL12
15	5338142	+	CDK2AP1
2	82680856	+	
2	32217757	+	SNX10
2	129172101	+	ATP6V1C1
Z	24957190	-	
9	8469090	-	WDFY1
6	27096858	+	PDCD4
2	129172425	+	ATP6V1C1
17	8036089	+	AGPAT2
28	3346818	-	THOP1
19	9405036	-	LYRM9
2	32217760	+	SNX10
3	52529964	+	FUCA2
6	27097178	+	PDCD4
26	522606	+	RABIF
7	8141846	+	NABP1
2	129210045	+	BAALC
7	8205649	-	CAVIN2
19	9404887	-	LYRM9
6	27097351	+	PDCD4
30	424835	+	FARSA
11	16993544	+	HNF4beta
10	18948763	-	RPL4
15	5340800	+	CDK2AP1
2	32502297	-	SKAP2
5	58942972	+	FKBP3
22	1620097	-	
20	10910634	-	NELFCD
3	52558882	-	
13	17488920	+	PDLIM4
7	8328185	-	TMEFF2
6	27112589	-	BBIP1
15	5340813	+	CDK2AP1
26	526440	+	TUBA3E
3	52558946	+	
2	129255360	+	FZD6
11	17033254	-	ZDHHC7
1	190550517	-	
15	5341544	+	CDK2AP1
2	129289492	+	CTHRC1
22	1622095	+	PHYHIP
5	1225084	+	GCHFR
10	18949910	+	ZWILCH
3	52717340	-	AIG1
5	58963219	-	PRPF39
7	9633968	+	SLC39A10
15	5356086	-	C15H12ORF65
13	17526608	+	SLC22A4
Z	25022351	-	
20	10997883	-	GNAS
3	52794638	+	HIVEP2
4	20021540	+	TLR2B
1	30606389	-	NELL2
3	52815966	+	HIVEP2
17	8059104	-	EGFL7
5	1249387	-	DNAJC17
5	59000025	-	TOGARAM1
3	101409742	-	MATN3
2	32578420	-	HOXA1
17	8056430	-	EGFL7
25	440337	-	CELF3
Z	25112335	-	TNPO1
5	1234372	+	C15orf62
18	840959	-	MYOCD
5	1251178	-	
1	190799934	-	
2	83513328	+	RPRD1A
1	137768865	+	
17	8053937	-	EGFL7
10	19113380	+	SMAD6
5	59000367	+	KLHL28
4	20030058	+	TLR2B
18	1037893	+	ELAC2
2	32584616	-	HOXA2
13	17545410	+	SLC22A5
25	446995	-	MRPL9
15	5356426	+	
6	27122877	+	SHOC2
5	59067463	-	
5	59075994	-	
7	9711498	-	
6	27190992	+	ADRA2A
5	1262807	+	OR1052
18	1059945	+	
Z	25197569	+	ZNF366
20	11073420	-	NPEPL1
2	32628505	-	HOXA3
5	59690594	-	LRFN5
6	27600048	-	GPAM
4	20067413	-	SFRP2
8	20507881	+	KDM4A
18	1061028	+	
2	32621248	-	HOXA3
9	8551673	-	FAM124B
2	129309973	-	SLC25A32
1	30651171	+	
1	191167322	-	
27	7510372	+	KLHL10
3	101426470	-	LAPTM4A
2	32623258	-	HOXA3
4	20305236	-	PLRG1
27	7520296	-	KLHL11
2	32602310	-	HOXA3
18	1079537	+	
7	9690707	+	
1	30681723	-	DBX2
Z	73029687	-	COMMD10
1	191417408	-	
1	30720903	+	ANO6
18	1100120	+	
1	30853390	-	
1	191518289	-	
7	9737171	-	
5	1279266	+	
20	11084403	-	STX16
25	451712	-	TDRKH
15	5364336	+	
20	11158900	+	APCDD1L
25	460153	-	RORC
3	101566050	-	SDC1
2	32611583	-	HOXA4
18	1147195	+	
3	101576734	-	
22	1656470	+	
3	53131288	-	VTA1
4	20308597	+	FGB
Z	25266771	-	PTCD2
9	8609719	-	CUL3
18	1173086	+	
25	463673	-	THEM4
3	53139542	+	NMBR
18	1271456	-	SHISA6
9	8632127	+	
1	88749184	-	IFT57
2	32624723	-	HOXA5
33	6859136	+	ZBTB39
33	6865337	-	GPR182
25	466723	-	S100A10
18	1670808	+	PIRT
6	27631488	+	TECTB
2	32628685	-	HOXA6
3	54059667	+	CITED2
33	6869862	-	
20	11208265	-	VAPB
Z	25266792	+	MRPS27
12	14926384	-	LRIG1
4	20328290	-	FGA
2	129309738	+	DCAF13
Z	73041048	-	ARL14EPL
2	32637600	-	HOXA7
25	468686	+	DEDD
2	83873117	-	GALNT1
Z	73040331	-	ARL14EPL
33	6873186	-	
Z	25392656	-	MAP1B
1	137849975	-	EDAR
2	32645922	-	HOXA9
Z	25510467	+	TMEM252
Z	73078736	-	LVRN
2	83897907	+	INO80C
Z	25583080	-	PGM5
1	137927597	+	
15	5419880	+	
25	480199	-	NIT1
Z	25590177	+	
2	32654714	-	HOXA10
20	11230580	-	RAB22A
2	32666093	-	HOXA11
20	11230797	+	
12	15030285	+	
Z	73136810	-	AP3S1
28	3364129	+	DIRAS1
19	9406454	+	NLK
25	480298	+	PFDN2
4	20338478	-	FGG
2	32682168	-	HOXA13
28	3367069	+	
1	191533931	+	
Z	73136596	+	ATG12
4	59995027	-	ADH1C
20	11253117	+	
5	25852094	-	TMEM87A
15	5481568	+	
4	20343216	+	
28	3401884	-	GADD45B
10	19311076	-	AAGAB
1	191534287	+	
Z	73146956	+	CDO1
2	32714893	+	EVX1
5	1612228	-	OR5W2
6	27661391	+	ACSL5
2	84296115	-	FRRS1L
22	1692013	+	DOK2
10	19311088	-	AAGAB
28	3402522	+	MAP1S
5	1619216	-	OR5AS1
6	27663984	+	ACSL5
3	54163918	-	HECA
4	20396156	+	LRAT
25	496498	-	
19	9445802	+	TMEM97
28	3402915	+	
1	191534849	+	
6	27664068	+	ACSL5
1	31082708	-	SLC38A1
10	19226176	+	SMAD3
4	20419208	+	RBM46
25	600888	+	
5	1636140	-	
8	20688080	+	ARTN
Z	73196838	+	TMED7
3	54179502	-	ABRACL
Z	25715039	-	CBWD1
14	485920	-	NTAN1
19	9451267	-	IFT20
Z	73210019	+	MARVELD2
13	17610912	-	IL5
3	101681364	+	RHOB
10	19311292	+	IQCH
5	1649022	-	
4	20538373	+	NPY2R
Z	25723349	+	
1	191534945	+	
1	88748622	+	HHLA2
27	7544945	+	
30	463739	-	NXNL1
1	138198192	-	SEPTIN10
4	20538424	+	NPY2R
1	88748686	+	HHLA2
15	5498570	-	ARL6IP4
2	129825673	+	DCSTAMP
11	17395059	-	FOXF1
9	8894774	+	NYAP2
17	8173607	+	INPP5E
5	25852299	+	GANC
22	1887126	+	LZTS1
1	138198427	+	SOWAHC
13	17625973	+	
9	9402191	-	IRS1
27	7553413	+	CNP
10	19374076	+	C15orf61
1	191552051	-	CCDC89
3	101906907	-	HS1BP3
7	9920479	-	HECW2
5	1673814	-	MRPL21
4	20625403	-	
3	101906927	-	HS1BP3
15	5498560	-	ARL6IP4
1	138251129	-	CHAMP1
20	11499475	+	PMEPA1
13	17647565	-	
4	20752419	+	GUCY1A1
9	9424788	+	RHBDD1
28	3421308	+	B3GNT3
1	88804642	-	MYH15
6	27693870	-	ZDHHC6
1	138264238	-	
17	8188905	-	PMPCA
11	17597150	-	IRF8
3	101917263	+	GDF7
9	9492856	-	
1	138281430	-	
17	8190155	+	
5	1673838	+	IGHMBP2
13	17651727	+	IL13
11	17606961	-	
15	5504141	-	OGFOD2
17	8190426	+	SNAPC4
Z	73221628	+	
9	9520114	-	
2	32919394	-	HIBADH
5	1716094	-	SYT12
20	11562277	-	PCK1
12	15332071	+	TAFA1
12	15336892	+	TAFA1
1	88854919	-	KIAA1524
28	3455156	+	KCNN1
13	17657776	+	IL4
1	88852020	+	
5	1756043	-	PTDSS2
20	11629002	-	RBM38
17	8208061	+	
25	654753	+	DPF1
9	9559175	+	
12	15637018	-	TAFA4
7	10012237	-	GTF3C3
15	5504462	+	
25	676969	-	
19	9547621	-	MNT
11	17614743	-	COX4I1
1	88866344	-	SH2D1B
3	54198322	+	REPS1
2	84415948	-	
30	474865	+	PGLS
25	702522	-	LMNA
17	8215642	+	DNLZ
11	17614798	+	EMC8
28	3463016	+	OCLN
15	5511096	+	ABCB9
1	88912485	+	TRAT1
25	723875	+	MEX3A
1	138303644	-	CDC16
25	1265439	+	
28	3476425	-	NR2F6
14	515418	-	RSL1D1
4	20868112	+	TDO2
25	1306226	-	
15	5528999	+	VPS37B
28	3484882	-	
11	17628632	+	
8	20717622	-	DPH2
5	25917935	-	ZNF106
28	3485092	+	
27	7577987	+	NKIRAS2
3	54278672	-	CCDC28A
27	7589611	-	ZNF385C
25	1316098	-	
17	8283209	+	
25	1315047	-	
27	7600252	-	
9	9588518	+	MFF
3	102233660	-	APOB
5	25937093	+	SNAP23
20	11658920	-	SPO11
8	20717728	+	ATP6V0B
14	546530	-	GSPT2
3	102274603	+	TDRD15
1	59254743	+	
4	20887179	-	ASIC5
1	59315862	-	
20	11682314	+	BMP7
1	138347996	+	RASA3
25	1323218	-	
9	9589161	+	MFF
25	1387593	+	
28	3494556	-	ABHD8
20	11947261	-	TFAP2C
25	1394092	+	
1	88942320	-	HJURP
28	3499544	+	MRPL34
9	9611815	+	MRPL44
3	54469126	-	
Z	73249935	-	
5	1777020	+	SIGIRR
13	17679532	-	KIF3A
8	20724855	+	B4GALT2
25	1399900	-	
10	19502347	+	
1	138512589	+	GAS6
6	28452857	-	NRAP
25	1402863	+	
5	25961481	-	LRRC57
8	20728273	+	B4GALT2
4	20914132	-	CTSO
14	554241	+	SNX29
10	19503832	+	
28	3504947	+	DDA1
15	5559938	-	HIP1R
1	31243545	-	SLC38A4
5	25961531	+	HAUS2
25	1413813	+	
4	60028589	+	MTTP
2	130591084	-	
1	31240976	-	SLC38A4
1	138617238	-	
14	706514	-	CPPED1
6	28458646	+	CASP7
13	17682210	+	CCNI2
4	60068429	-	
5	25968320	+	
27	7646075	-	DHX58
4	21202944	+	PDGFC
25	1436821	-	RNF115
1	31253936	-	SLC38A4
4	60070516	-	
15	5572747	-	DENR
1	88981453	-	GUCA1C
12	15706614	-	TMF1
14	727561	+	SHISA9
5	26035757	+	
27	7652243	-	KAT2A
1	59411011	-	
25	1426128	+	
1	31379889	-	AMIGO2
3	12587558	-	COQ8A
1	138638383	+	ATP4B
4	21362248	+	GLRB
14	1071961	+	ERCC4
20	11990669	-	RTFDC1
1	88994538	-	
Z	26009162	+	DMRT3
3	104035930	-	ATAD2B
Z	26043308	+	DMRT2
1	89066900	+	
26	677649	+	SYT2
28	3525115	+	GTPBP3
2	130623803	+	
2	130659304	-	
28	3530950	-	
14	1121719	+	
11	17631261	+	GINS2
28	3544871	-	CILP2
22	1912618	+	MAK16
1	191693907	-	PICALM
1	138690320	-	TFDP1
22	1919840	-	TTI2
4	60099126	+	DAPP1
5	26112842	-	
2	130680375	+	SHARPIN
6	28518725	-	DCLRE1A
28	3555517	-	
33	6893346	+	ATP5B
25	1436842	+	
2	130725827	+	
30	504317	+	
5	26166104	-	TTBK2
5	1814210	+	
11	17650300	-	GSE1
25	1453942	+	
11	17723497	-	
33	6898639	+	
30	541639	-	MRPL4
28	3555101	-	NDUFA13
22	1925323	-	RNF122
7	10056518	-	PGAP1
30	542714	+	
3	54597280	+	PERP2
20	11976791	+	GCNT7
5	1817672	+	
5	26196568	+	ROM1
25	1455888	+	
3	104043560	+	UBXN2A
8	20902813	-	ERI3
5	1819414	+	
Z	73305265	+	MCCC2
15	5572879	+	GPN3
3	54615333	+	PERP1
8	20919007	+	
14	1142254	+	
5	1821594	+	IFITM5
33	6904667	+	
5	26270727	-	UBR1
3	104043572	+	UBXN2A
9	9672242	-	
33	6904888	+	
2	33160334	-	JAZF1
Z	73348208	+	CARTPT
15	5578016	+	ARPC3
22	1931020	-	DUSP26
6	28519491	+	NHLRC2
20	11976858	+	GCNT7
Z	73381747	-	
Z	26486982	-	
4	60126244	-	LAMTOR3
15	5583594	+	ANAPC7
1	191746049	+	EED
8	21031854	+	RNF220
27	7667285	-	RAB5C
3	54683327	-	TNFAIP3
5	26271724	+	TMEM62
6	28606240	+	ADRB1
27	7665287	-	RAB5C
Z	73543841	-	KCNN2
1	138727548	-	TMCO3
13	17730598	+	SOWAHA
8	21088405	-	TMEM53
27	7668808	-	RAB5C
1	138727777	-	TMCO3
Z	73623659	+	
9	9693543	+	CCL20
13	17758380	-	
15	5641499	-	ATP2A2
Z	73645716	+	
12	15721052	-	UBA3
2	33233186	+	CREB5
1	191781820	-	HIKESHI
33	6923910	+	MIP
13	17758366	-	
3	12614895	-	PSEN2
Z	73678980	+	
4	60153671	-	DNAJB14
3	12610725	-	PSEN2
Z	73743495	+	
26	776660	+	CSRP1
Z	73855377	-	
3	104064465	+	MFSD2B
Z	74243571	-	
20	12018744	-	CSTF1
2	33528127	-	TRIL
26	784348	+	PHLDA3
8	21088565	+	ARMH1
13	17770452	+	GDF9
1	89812172	+	ABHD10
12	15721935	+	ARL6IP5
7	10167732	-	ANKRD44
5	26311104	-	PTGR2
4	60156849	-	H2AFZ
15	5710128	-	IFT81
1	138728119	+	DCUN1D2
5	26349055	+	MIDEAS
11	17796381	+	MAP1LC3B
3	54895190	+	IFNGR1
Z	74378223	-	
13	17774734	+	UQCRQ
3	104108106	-	WDCP
4	60162363	+	
12	15738143	-	LMOD3
11	17849306	-	ZCCHC14
Z	74425138	-	
1	138752859	+	
27	7677960	-	HCRT
11	17866563	+	JPH3
13	17778126	+	LEAP2
20	12020474	+	AURKA
9	9704806	+	DAW1
Z	74550104	-	
1	138755714	+	
Z	74471213	-	
7	10205119	-	SF3B1
10	19522398	+	PIAS1
Z	74539871	-	
2	33684777	+	
3	54924896	+	IL22RA2
3	12693207	-	NDUFAF5
1	59546382	+	FAM60A
27	7694475	-	GHDC
Z	74652830	-	
20	12032765	-	FAM210B
5	26392403	-	DNAL1
1	89826120	+	TAGLN3
22	2275487	+	
1	138803178	+	GRTP1
2	85626391	-	ZNF830
Z	74676032	-	
4	21784904	-	GASK1B
7	10211054	+	COQ10B
1	89826558	+	TAGLN3
5	1835941	+	
20	12062990	-	MC3R
Z	74793131	+	
4	21785966	-	GASK1B
5	26404503	-	
30	600218	+	
Z	74804286	+	
27	7699792	-	STAT5A
12	15810437	-	FRMD4B
2	85637391	-	BAG1
30	610741	-	
1	192365090	+	TAS2R4
Z	74878647	+	
2	130828340	+	SCX
6	28664613	+	TDRD1
1	193228381	+	
1	138850368	-	LAMP1
Z	74894360	+	
25	1507961	-	IQGAP3
20	12079635	+	
5	1847181	-	PSMD13
2	130889827	+	HSF1
Z	74959516	+	
6	28664700	+	TDRD1
1	89861241	+	TMPRSS7
13	17843987	-	ZCCHC10
2	131017405	-	
Z	75121136	-	
1	59550250	+	FAM60A
Z	26601232	+	KCNV2
4	21788910	+	TMEM144
11	17940191	-	KLHDC4
20	12108431	+	CBLN3
9	10077916	-	PID1
3	104141133	+	FKBP1B
3	54956242	+	IL20RA
30	635961	-	
2	131020415	-	
6	28685715	+	VWA2
2	85646774	-	CHMP5
Z	75088554	+	
5	1847182	+	SIRT3
2	131044996	+	
1	89913297	+	C3orf52
3	54968977	+	IL20RA
9	10198054	-	DNER
30	642874	-	
2	131097427	+	
Z	75191843	+	
22	2479921	+	ZNF703
10	19577993	-	CALML4
3	104194372	-	SF3B6
12	15882966	+	MITF
14	1231716	-	PARN
25	1520004	+	NAXE
1	89944361	+	
22	2492103	+	ERLIN2
20	12288709	-	DOK5
13	17851237	+	HSPA4
Z	75358074	+	
25	1527326	-	GPATCH4
4	21878289	+	RXFP1
7	10231186	-	HSPD1
28	3638982	+	TM6SF2
5	26422805	-	C5H14ORF169
28	3641710	+	HAPLN4
1	193461898	+	TENM4
1	59614918	+	IPO8
30	698119	-	
2	131158698	+	
2	85662193	-	FH
10	19585207	-	CLN6
11	17987235	-	SLC7A5
2	131174886	+	
30	713413	-	SYDE1
1	89959483	+	CD200L
26	807502	+	TNNT2
20	12337089	-	PFDN4
7	10231654	+	HSPE1
1	31563284	+	ATP23
4	21929479	-	C4orf46
11	18000421	-	CA5B
30	728715	-	
26	854048	-	PKP1
2	131187964	+	
27	7727343	-	STAT3
15	5715157	+	P2RX7
22	2504687	+	PLPBP
17	8343801	+	LHX3
26	884673	-	
5	1864605	-	RIC8A
27	7746653	-	PTRF
10	19587135	+	FEM1B
2	33902163	-	SCRN1
Z	75444334	+	
Z	75481646	+	
2	33902516	-	SCRN1
5	1864286	-	RIC8A
25	1550485	-	UBQLN4
19	9586056	+	PAFAH1B1
Z	75736163	+	
33	6932831	+	APOF
13	17868579	+	RNF14
5	1864700	+	BET1L
2	33901843	-	SCRN1
4	60491846	-	PPP3CA
8	21119710	+	RPS8
Z	75752249	+	
2	33919576	-	FKBP14
12	15984717	+	
3	104205041	-	PFN4
1	89972837	+	CD200
26	910864	+	TMEM9
25	1550189	+	LAMTOR2
1	138890288	-	CUL4A
12	16058208	-	MDFIC2
7	10239859	+	MOB4
1	90034767	-	CGGBP1
19	9586305	+	PAFAH1B1
22	2530973	-	BRF2
1	59915747	+	
33	6934615	+	STAT2
8	21131102	-	BEST4
2	85678854	-	SDHA
25	1553973	+	RAB25
14	1232513	+	BFAR
Z	75811189	+	
3	12725400	+	TASP1
19	9586314	+	PAFAH1B1
25	1559091	-	
1	194175070	-	
5	1876969	-	VPS51
Z	75858387	+	
19	9586572	+	PAFAH1B1
1	59918539	+	DDX11
8	21135671	+	PLK3
25	1556898	+	
1	194246006	+	
13	17881810	-	GNPDA1
14	1234441	+	BFAR
27	7777863	+	NAGLU
Z	76092402	-	
2	85678766	+	CCDC127
22	2547478	-	PRLHRL
6	28948158	-	ABLIM1
3	12864186	-	ISM1
1	90073522	+	C3orf38
19	9586655	+	PAFAH1B1
9	10354529	+	ZBTB38
14	1235243	+	BFAR
17	8388350	+	NACC2
2	85678953	+	CCDC127
15	5727682	+	P2RX4
4	60568176	+	BANK1
13	17886252	+	NDFIP1
2	33970922	-	COLQ
17	8388397	+	NACC2
2	85691001	+	SLC6A19
19	9642214	-	CLUH
13	17926509	-	SPRY4
14	1252146	-	PLA2G10
17	8427770	+	NACC2
Z	76141197	+	
19	9656855	-	CCDC92B
1	194285089	+	KCTD21
Z	76419325	+	
17	8428512	+	NACC2
1	32060175	-	
Z	76671568	-	
6	28953746	+	FHIP2A
1	32061866	-	
8	21144107	+	BTBD19
28	3665339	+	NR2C2AP
5	26554073	-	PAPLN
3	12984138	-	SPTLC3
Z	76821527	-	
Z	76852858	+	
2	131592411	-	ABRA
13	17978333	-	FGF1
2	85713768	+	SLC6A18
15	5747274	-	
1	138890968	+	PCID2
17	8389052	+	C9orf69
22	2554367	-	
Z	76924570	+	
11	18321016	+	
Z	77232112	-	
17	8440838	+	
22	2560417	+	EIF4EBP1
3	13105711	-	
14	1270001	+	ZC3H7A
13	17976918	-	FGF1
1	138891088	+	PCID2
3	13199549	-	BTBD3
22	2571755	-	
20	12526611	+	
11	18340542	+	ZFPM1
7	10278692	-	RFTN2
Z	77366390	-	
2	131920640	-	ANGPT1
20	12531871	+	
4	21955824	-	PPID
2	34016729	-	HACL1
3	13599642	+	JAG1
2	132061305	+	
20	12553941	-	
1	90418011	+	EPHA3
7	10278917	-	RFTN2
Z	77465090	-	
30	756332	-	MCOLN1
12	16682429	-	EIF4E3
20	12760723	-	TSHZ2
5	1894802	-	NADSYN1
Z	77541493	-	
25	1784776	-	
14	1292131	+	TXNDC11
Z	77696083	-	
25	1776734	-	
1	90742330	-	MGAT1
Z	77587321	-	
Z	77773739	-	
4	60786295	+	NFKB1
1	138912133	-	PROZ
11	18371801	-	CIDEC
1	194303527	+	NDUFC2
Z	77723652	-	
28	3672270	-	RFXANK
25	1797652	+	OTUD7B
14	1317821	-	SNN
Z	77774997	-	
1	138918510	-	
25	1807970	+	OTUD7B
7	10311523	-	
2	132172629	-	RSPO2
14	1317769	-	SNN
4	60786818	+	NFKB1
12	16693283	+	GPR27
25	1809861	+	OTUD7B
3	104301775	-	GPN1
20	12991935	+	ZFP64
27	7786835	+	MLX
12	16707773	-	PROK2
7	10366305	-	PLCL1
25	1810820	+	OTUD7B
3	104302069	+	ZNF512
11	18379252	+	ZC3H18
22	2571212	+	ASH2L
12	16828199	-	RYBP
1	91130619	+	ARL13B
1	32734564	-	
1	194309570	-	
11	18413916	+	IL17C
1	32879723	-	TAFA2
7	10924557	-	SATB2
3	13716976	-	SLX4IP
1	32954055	-	
7	10917551	-	SATB2
1	138937050	-	F10
15	5760604	-	ANAPC5
25	1842753	+	SF3B4
5	1895074	+	DHCR7
11	18421364	-	CYBA
28	3672347	+	BORCS8
10	19645369	+	CORO2B
1	91160961	-	STX19
25	1854812	+	SV2A
1	194317270	+	THRSP
5	26624529	-	
5	1906529	+	ZDHHC13
2	34296747	-	DPH3P1
7	11009022	+	C7H2ORF69
Z	78117585	-	
Z	26654019	-	PUM3
4	60898854	-	MANBA
1	194325559	+	KCTD14
11	18424810	-	MVD
1	138948241	-	F7
3	13717148	+	MKKS
5	26650517	-	
25	1888358	-	BOLA1
3	104325698	+	FNDC4
Z	26653936	-	PUM3
3	13718200	+	
20	13107712	+	ATP9A
12	16897156	-	SHQ1
12	16898430	+	GXYLT2
25	1889504	+	
25	1915769	-	
5	1930635	-	CSRP3
27	7793416	-	PSMC3IP
25	1930891	+	HJV
25	1940376	-	
10	19647376	+	CORO2B
Z	78598394	-	
22	2584747	-	LSM1
26	981812	-	MYOG
3	104340810	-	
4	23301032	+	
5	26653986	+	ZFYVE1
11	18433726	-	RNF166
2	132219771	-	EIF3E
5	1939176	-	E2F8
Z	78169862	-	
20	13362490	+	KCNG1
4	23302723	+	
6	29011141	+	TRUB1
11	18433749	+	CTU2
1	92269020	+	
4	60932855	-	UBE2D3
20	13384664	-	MOCS3
6	29083320	-	
Z	78455672	-	
26	991509	+	ADORA1
Z	78636855	-	
4	23339843	-	NAF1
4	60944995	+	CISD2
Z	78666834	-	
20	13384759	+	DPM1
1	139094938	-	MCF2L
1	92512977	+	
Z	26796711	-	RFX3
14	1329782	+	LITAF
15	5789002	-	KDM2B
8	21291575	-	
1	92618635	+	
7	11026303	-	TYW5
15	5872501	-	
5	26695692	-	
26	1020640	-	MYBPHL
9	10416504	+	RNF7
9	10425071	+	GRK7
27	7801973	-	
33	6953700	+	
18	1953196	-	
15	5876923	+	ORAI1
22	2600822	-	PLPP5
1	194374721	-	AAMDC
4	60987632	-	BDH2
Z	26773671	-	RFX3
33	6957980	+	CS
14	1329792	+	LITAF
33	6964561	-	COQ10A
3	13879079	-	ANKEF1
4	23380348	-	NPY1R
2	85815041	-	CLPTM1L
2	34296808	+	OXNAD1
15	5896824	-	MORN3
14	1330243	+	LITAF
20	13478200	-	PARD6B
14	1330519	+	LITAF
4	61026616	-	CENPE
10	19696345	-	
1	33026379	+	USP15
8	21290142	+	UROD
27	7802137	+	TUBG1
Z	78808957	+	MTAP
14	1330718	+	LITAF
1	194374696	-	AAMDC
8	21291712	+	UROD
3	13898284	-	
3	55283655	-	
2	34297032	+	OXNAD1
14	1332547	+	LITAF
12	17382288	-	CNTN3
8	21377920	-	ZSWIM5
14	1352298	-	
7	11026372	+	MAIP1
8	21383947	+	HPDL
3	13955888	+	PAK5
Z	78856728	-	CDKN2A
14	1360008	-	
1	194374727	-	AAMDC
3	104340995	+	IFT172
4	61034587	-	RSPH6A
8	21389966	-	
Z	78862135	-	CDKN2B
3	14055302	-	LAMP5
27	7821867	-	CCR10
28	3761970	-	ARMC6
26	1065284	-	CEPT1
1	92636871	+	ARL6
17	8578266	-	PSMD5
22	2637855	+	LETM2
Z	78994586	-	TRIM36
26	1065980	-	CEPT1
27	7823872	+	CNTNAP1
2	34414155	-	RFTN1
10	19716810	+	NOX5
Z	27026808	-	
17	8569117	+	B3GNTL
Z	27065681	+	SLC1A1
8	21390437	+	TOE1
18	2033615	-	PIK3R5
10	19739670	+	GLCE
3	104377226	-	KRTCAP3
6	29703924	-	GFRA1
4	23521039	-	MARCH1
8	21458320	-	TESK2
2	85879564	-	LPCAT1
17	8579238	+	
2	85873928	-	LPCAT1
17	8591957	-	PHF19
10	19767468	+	
4	61036771	+	C4orf47
5	26717509	+	DPF3
2	85983022	+	NDUFS6
8	21470091	+	
Z	27444539	+	CDC37L1
4	23636944	-	MARCH1
2	132291689	+	EMC2
10	19769581	+	
14	1363474	+	EIF2AK1
6	29729434	+	CCDC172
4	23562424	-	MARCH1
13	18263765	-	YIPF5
4	61037043	+	C4orf47
Z	79039363	-	PGGT1B
12	17907940	-	
1	33338738	-	PPM1H
13	18270817	+	KCTD16
14	1377069	-	ANKRD61
11	18457285	+	CDT1
18	2045332	+	NTN1
15	5900288	+	TMEM120B
26	1067102	+	DRAM2
12	17945860	+	CNTN6
22	2661037	-	FGFR1
Z	27469311	-	AK3
30	879908	-	DNAJB1
8	21490165	+	MMACHC
6	29762371	+	
5	2271334	-	LEUTX
13	18483465	-	GRXCR2
2	86053142	-	IRX4
25	1964697	-	PEX11B
28	3777894	+	
14	1382292	-	AIMP2
1	33421641	-	AVPR1A
26	1090634	-	LRIF1
25	1967612	+	LIX1L
33	6965630	+	ANKRD52
13	18478205	+	SH3RF2
30	881052	+	
12	18230670	+	CNTN4
2	132483774	+	TRHR
6	29792581	+	
20	13709555	-	CEBPB
3	104402322	-	NRBP1
Z	27481209	+	RCL1
2	132547557	-	NUDCD1
4	23808676	-	TMEM192
19	9672545	+	RAP1GAP2
17	8608024	-	TRAF1
25	1987363	+	RBM8A
30	904843	-	NDUFB7
4	23781600	+	APELA
27	7849653	+	RAMP2
5	27134788	-	RGS6
6	29804113	+	PNLIPRP1
2	34442834	-	DAZL
14	1382543	+	PMS2
30	908909	+	
7	11092899	+	SPATS2L
11	18465564	-	APRT
2	87109992	+	IRX1
28	3790233	+	
26	1098705	-	
2	132547320	+	ENY2
8	21528251	-	PRDX1
27	7851805	+	VPS25
8	21507655	-	PRDX1
7	11092915	+	SPATS2L
2	87384769	-	
30	916326	-	
15	5923066	-	RHOF
28	3790256	+	
30	919593	+	
2	34442888	-	DAZL
7	11181067	-	KCTD18
18	2172093	-	STX8
14	1403046	+	
8	21506747	-	PRDX1
3	104426261	-	
27	7858438	+	
5	2387408	-	
30	936028	-	
27	7865806	+	
22	2714257	+	
25	2062669	-	
30	937708	+	ACTL6B
3	104426656	+	ZNF513
11	18514508	-	GALNS
6	29917122	+	ENO4
25	2077297	-	
30	943946	+	
30	967992	-	
20	13738004	+	UBE2V1
2	87858631	+	GALNT12
Z	79130913	-	FEM1C
33	6999460	-	NABP2
30	973293	-	PCOLCE
3	104436337	-	SNX17
22	2719080	+	PLEKHA2
30	981648	+	S1PR2
25	2086546	-	
22	2719345	+	PLEKHA2
5	2427182	+	SLC6A5
1	139278628	+	TUBGCP3
20	13793622	-	SNAI1
15	5938524	+	SETD1A
18	2202453	+	USP43
26	1106026	+	ADIPOR1
2	88094811	-	
3	14672677	-	PLCB1
19	9722490	-	
22	2733379	-	TM2D2
25	2100996	+	
19	9783481	+	WSCD1
3	104437575	+	EIF2B4
11	18514747	+	TRAPPC2L
2	88439989	-	ELP2
33	6997854	+	RNF41
Z	79146009	+	ALDH7A1
26	1120743	-	TIMM17B
33	7002442	+	RNF41
13	18524347	-	LARS1
18	2236411	+	
26	1123454	+	LMOD1
30	993798	+	DNMT1
12	18506274	+	TRNT1
26	1139505	-	SHISA4
14	1422508	-	CCZ1
25	2150063	+	
33	7007292	+	SMARCC2
13	18524937	+	
5	2461637	+	NELL1
12	18506307	+	TRNT1
Z	27532087	+	JAK2
19	9922595	-	XAF1
5	2486745	-	
20	13801015	-	RNF114
11	18520626	-	PABPN1L
2	132563147	+	EBAG9
14	1429348	-	OCM
3	14723403	+	TMX4
13	18556346	+	POU4F3
Z	79205381	-	GRAMD2B
5	2932949	-	
25	2166509	+	
1	92776748	-	
25	2173209	+	
12	18525154	-	CRBN
20	13801179	+	SPATA2
1	60130980	-	
18	2248818	+	FAM18B1
Z	79844243	+	ZNF608
1	60178280	-	SLC6A12
10	19936011	-	TLE3
25	2182726	+	
Z	27532811	+	JAK2
1	194436252	+	CLNS1A
Z	27543846	+	JAK2
Z	80307193	-	
12	18676313	+	LRRN1
33	7030952	-	ESYT1
26	1145714	+	
1	140249096	-	COL4A1
18	2262969	+	TEKT3
17	8643905	+	CNTRL
25	2150121	+	
12	18767970	+	
1	33724023	-	KICS2
22	2737380	+	ADAM9
33	7033033	-	ZC3H10
Z	80357625	+	
3	14754615	+	HAO1
2	35491690	+	KCNH8
25	2153056	+	
28	3824581	+	COPE
Z	80571923	+	
1	33726148	-	RPL18A
1	194462713	-	AQP11
33	7044711	-	
Z	80615695	+	
22	2764386	+	
1	60217228	-	SLC6A13
15	5988616	-	HPD
Z	80616187	+	
2	35601335	-	
3	15229780	-	BMP2
2	88552655	-	FAM206A
18	2313522	+	PMP22
9	10571324	-	GK5
28	3831598	+	CERS1
3	15206933	-	BMP2
15	5999533	-	HPD
18	2442356	-	
19	9919986	+	SLC13A5
1	60274689	-	KDM5A
25	2155971	+	
6	30037380	-	VAX1
14	1449904	-	OCM2
22	2769728	+	
2	35747472	-	
6	30065669	+	KCNK18
28	3843368	+	GDF3
7	11196756	+	AOX1
11	18604309	+	CDH15
17	8692183	-	RAB14
2	132627922	-	SYBU
9	10611437	-	XRN1
Z	27627531	-	RLN3
6	30092809	+	SLC18A2
18	2584860	-	
25	2159492	+	
28	3866418	-	UPF1
11	18612866	-	SLC22A31
Z	81043861	+	
2	132755155	-	KCNV1
6	30163671	-	PDZD8
15	5989099	+	PSMD9
22	2775761	+	
3	15397548	+	FERMT1
2	132755803	-	KCNV1
19	9945836	+	MED31
22	2793540	+	TCIM
18	2691529	-	COX10
25	2155986	+	
1	60277783	+	CCDC77
1	194484628	+	PAK1
1	33726767	+	XPOT
8	21574425	-	GPBP1L1
18	2798139	+	HS3ST3A1
9	10648117	-	ATR
1	60296873	+	B4GALNT3
2	35764554	+	RAB5A
15	5996365	+	
1	194523947	+	PAK1
15	6008253	+	BCL7A
3	15421291	+	LRRN4
19	9952624	-	TXNDC17
25	2163052	+	
30	1030285	-	
14	1509770	+	BHLHA15
8	21574984	+	TMEM69
1	60404116	-	NINJ2
27	7880082	+	PSME3
2	35765157	+	RAB5A
8	21575016	+	TMEM69
6	30463341	-	RAB11FIP2
22	2861391	-	ZMAT4
2	35787118	-	PP2D1
27	7891211	+	
4	23878783	+	MSMO1
27	7896286	+	
25	2166606	+	
2	35794568	+	KAT2B
33	7062029	-	ERBB3
1	194560365	+	GDPD4
8	21586117	-	IPP
14	1539071	+	BRI3
15	6029841	+	MLXIP
22	2888842	-	SFRP1
27	7903742	+	G6PC1
30	1032099	-	
30	1035393	-	
25	2171952	+	F-KER
5	27522846	+	MAP3K9
13	18677413	+	STK32A
4	23889262	+	CPE
2	88738279	+	CAVIN4
30	1037427	+	OLFM2
2	35842547	-	SGO1
5	27628557	-	TTC9
25	2179329	+	
30	1057605	-	PIN1
22	2899324	+	GOLGA7
15	6083169	+	LRRC43
2	36188205	-	
25	2189327	+	
15	6090645	+	B3GNT4
8	21606407	-	RBP
33	7064200	-	RPS26
30	1059913	-	UBL5
2	133816999	+	
5	27647878	+	MED6
25	2193634	+	
10	20112252	-	MORF4L2
11	18702201	+	SPG7
2	88902355	-	
27	7912277	-	AARSD1
1	33758984	+	TBK1
25	2196277	+	
3	104445685	+	TMEM214
33	7062646	+	
5	27660750	+	
26	1188702	+	PPIL1
6	30606795	-	FAM204A
2	134174660	-	
1	194747859	-	CAPN5
1	33762173	+	TBK1
15	6099589	-	DIABLO
3	15437950	+	CCT4
25	2204871	+	
33	7075742	-	IKZF4
2	134218177	+	
33	7081224	-	SUOX
5	3034745	+	SLC17A6
1	140425482	-	RAB20
5	3169000	-	FANCF
4	24684818	-	SPOCK3
25	2214376	-	
2	135006696	-	TRPS1
5	27663942	+	SYNJ2BP
6	30726370	-	PRLHR
27	7914307	-	PTGES3L
3	15443415	+	FAM161A
4	24685116	-	SPOCK3
15	6111541	-	
1	194819371	-	ACER3
25	2215495	+	
28	3966017	-	KLHL26
27	7914430	+	RUNDC1
2	2561	+	
5	27699720	+	
25	2218104	-	
11	18734052	+	RPL13
4	24742548	+	
28	3976292	-	TMEM59L
5	3197905	+	GAS2
2	10188	+	
33	7087396	-	RAB5B
7	11237134	+	AOX2
3	15469802	-	DTD1
1	194874075	-	TSKU
17	8733376	-	STOM
2	135499641	-	EIF3H
33	7091089	-	CDK2
25	2218816	+	
2	36200	-	
30	1063731	+	
5	27754919	+	COX16
5	3284689	-	SVIP
Z	81496699	+	SNX24
3	104451464	+	AGBL5
17	8724159	+	
2	36805788	+	UBE2E2
28	3987462	-	
27	7918185	+	RPL27
18	3121259	+	B3GNTL1
1	33913536	-	GNS
30	1086365	+	
3	104460646	-	OST4
2	135510776	+	UTP23
3	104461317	+	
25	2221768	-	
6	30920353	+	NANOS1
Z	81579815	-	PPIC
1	194959884	+	
30	1094312	-	CHCHD5
11	18738378	+	CPNE7
Z	81605055	+	PRDM6
33	7092009	+	PMEL
25	2222899	+	
3	104468853	+	KHK
6	30953116	-	EIF3A
30	1094276	+	ATP13A1
2	37076403	+	UBE2E1
1	195032674	+	
4	24946440	+	
25	2225764	-	
27	7921645	+	IFI35
28	3988751	-	UBA52
11	18748973	-	
1	195127235	-	
7	11284739	+	BZW1
4	24997825	-	DDX60
25	2226898	+	
11	18749428	+	DPEP1
5	3646132	-	SLC5A12
1	34044011	-	WIF1
22	2911977	+	GPAT4
9	10648483	+	PLS1
1	195133670	-	
27	7924157	+	
25	2229731	-	
10	20171502	-	FAM96A
22	2911982	+	GPAT4
1	195132350	-	
26	1221114	-	PSMA5
22	2912809	+	GPAT4
3	15488351	-	SEC23B
5	3728374	+	FIBIN
9	10648485	+	PLS1
2	88903234	+	EXOC3
26	1220863	+	SYPL2
28	3991254	-	KXD1
2	37133561	-	NKIRAS1
8	21811771	-	
1	195161469	-	
9	10648567	+	PLS1
11	18759263	-	CHMP1A
26	1233965	-	AMIGO1
25	2230728	+	
5	3749262	+	BBOX1
2	135564198	-	RAD21
1	195171182	+	THAP12
5	3753040	+	BBOX1
25	2233668	-	
3	15498846	-	POLR3F
5	3868453	-	
8	21841065	+	TSPAN1
22	2925165	-	NKX6-3
8	21864259	-	POMGNT1
Z	81753560	+	TOMM5
2	135661556	+	SLC30A8
18	3310711	+	ZNF750
2	88921515	+	PDCD6
30	1110595	-	MVB12A
26	1239193	+	GPR61
17	8959039	-	
5	28091730	-	SRSF5
25	2234536	+	
1	195315169	+	WNT11
1	140545200	+	ING1
8	21864386	+	
25	2256525	-	
19	10039242	+	FBXO39
1	60546631	-	RAD52
17	8947523	-	
18	3349216	-	FN3K
4	25044708	-	
9	10687964	+	TRPC1
5	28167889	-	SUSD6
25	2238312	+	
5	28176306	+	
17	8964516	+	
3	104484164	-	SLC5A6
5	28212226	-	PLEKHD1
25	2242318	+	
2	37133710	+	RPL15
1	60545814	-	RAD52
3	15499040	+	DZANK1
1	92913017	-	
3	104484251	+	
1	140612165	-	ANKRD10
2	37133749	+	RPL15
1	34324330	+	HMGA2
25	2251383	-	
33	7101414	-	DGKA
2	135774418	+	MED30
30	1116428	-	DSN1
2	88963976	-	
10	20207682	-	EIF3J
33	7103196	+	PYM1
5	3949809	-	LIN7C
7	11305798	-	CLK1
9	10733607	-	PCOLCE2
1	34489660	-	LLPH
17	9005858	-	NDUFA8
7	11304341	-	CLK1
1	92913598	+	MPC2
8	21923578	+	RAD54L
9	10761648	-	PAQR9
25	2253321	-	
Z	81784395	+	
28	3997087	+	ELL
1	34489551	-	LLPH
30	1126242	-	PBX4
2	89054391	-	AHRR
11	18771877	-	VPS9D1
8	21951011	-	LRRC41
2	89054123	-	AHRR
1	92944816	-	MPZL1
Z	81787829	+	
7	11305771	-	CLK1
28	3997782	+	ELL
13	18788177	-	JAKMIP2
25	2261217	+	
33	7113350	-	TUBA1C
Z	81801734	-	
2	89090432	-	MSANTD3
18	3365331	+	RAB40B
25	2267965	-	
5	28232774	-	SLC39A9
33	7117397	+	TUBA1A
1	34497789	-	
7	11305763	-	CLK1
Z	27712512	+	RIC1
25	2275481	-	
11	18771553	+	ZNF276
2	89090806	+	
33	7125098	+	TUBA1B
25	2278132	-	
28	4047308	-	SSBP4
1	141152094	+	SOX1
2	135904477	-	EXT1
19	10140915	-	
1	92997116	-	RCSD1
10	20247866	-	CTDSPL2
1	141332438	+	
2	159572	+	ABCF2
25	2283598	-	
Z	81806718	+	DCAF10
25	2283530	-	
9	10778211	+	U2SURP
28	4054225	-	
1	60885686	-	FBXL14
5	28232933	+	ERH
17	9033001	-	LHX6
2	159779	+	ABCF2
10	20248395	-	CTDSPL2
1	93005542	+	CREG1
26	1241168	+	GNAI3
Z	81831505	-	
19	10149211	-	
7	11313271	-	PPIL3
2	37238749	-	THRB
3	15540596	-	KAT14
9	10824480	+	CHST2
4	25220326	+	AADAT
1	141412833	-	
28	4068098	-	PGPEP1
7	11313888	-	PPIL3
2	136036673	-	
19	10194241	-	
1	141415904	-	
3	15541868	-	PET117
26	1241196	+	GNAI3
Z	27786843	-	ERMP1
5	28309388	-	GALNT16
8	21953799	+	NSUN4
4	25220708	+	AADAT
17	9045434	-	RBM18
28	4068722	+	LSM4
7	11313253	+	NIF3L1
33	7138224	+	DHH
1	93019252	+	CD247
13	18833164	-	GFRA3
1	195575079	-	ART1
28	4077792	+	JUND
Z	81855523	+	ZBTB5
28	4085790	+	
2	136211928	-	SAMD12
1	141421589	-	
Z	27800576	+	
18	3390212	+	WDR45B
7	11338539	-	ORC2
1	141425698	-	
3	104502120	+	MPV17
2	174543	+	H2BE1
30	1156275	-	MAST1
2	89118938	+	TEX10
3	15552060	+	OVOL2
1	195579267	-	ART7B
Z	81872830	-	GRHPR
Z	27814456	+	MLANA
7	11371116	-	
1	141449287	+	
4	25273122	+	MFAP3L
3	104507168	+	UCN
1	195581771	+	ART7C
26	1257466	-	GNAT2
10	20298566	+	FRMD5
4	61312715	-	
5	4255030	-	
2	206228	+	GBX1
Z	27945244	+	UHRF2
13	18845582	+	CTBPL
3	55914705	+	ALDH8A1
1	60925606	+	ADIPOR2
1	141452439	+	
5	4451064	+	
7	11394046	+	NDUFB3
18	3449930	-	FOXK2
1	60928458	+	ADIPOR2
1	195587654	+	MADPRT1
10	20346194	-	WDR76
6	30975792	-	SFXN4
17	9045273	+	MRRFP1
5	4734458	-	KCNA4
1	34900551	+	CAND1
12	18813549	+	ITPR1
2	136339558	-	TNFRSF11B
3	104512142	-	TRIM54
1	141458789	+	
11	18811706	-	FANCA
1	141461074	+	
9	11068310	+	DIPK2A
5	28339648	+	DCAF5
Z	28068079	-	GLDC
2	37462364	+	RARB
17	9045872	+	MRRFP1
18	3492518	-	NARF
22	3009704	-	KAT6A
5	4772497	+	FSHB
4	61315317	+	TLR3
3	15568643	-	MGME1
1	195602075	-	RNF121
12	18986975	+	BHLHE40
2	37471091	+	RARB
1	141465650	+	
1	61033953	-	
7	11400646	+	CFLAR
17	9055888	-	
28	4092302	+	RAB3A
1	141486979	+	
3	15568291	-	MGME1
17	9061884	+	PTGS1
1	60978921	+	CHUNK-1
Z	28114634	+	KDM4C
11	18813764	+	SPIRE2
1	35019689	+	DYRK2
12	19004930	+	
5	4803099	+	ARL14EP
7	11424789	+	CASP10
28	4097503	-	MPV17L2
1	141532492	-	
24	59463	+	DPAGT1
1	141536124	-	
22	3012151	+	AP3M2
17	9077516	-	PDCL
30	1181513	-	
24	65508	+	H2AX
1	195602594	+	
13	18910013	+	REEP2
1	141538173	-	
2	89253599	-	INVS
17	9098283	-	RC3H2
26	1266391	+	GSTM2
15	6191881	-	ZCCHC8
28	4100719	-	IFI30
27	7940601	-	VAT1
1	141545959	+	
2	89250818	-	INVS
28	4114609	-	
18	3496809	+	CYBC1
13	18949948	+	EGR1
26	1269132	+	GSTM3
4	61340939	+	FAM149A
11	18820548	+	TCF25
1	141551285	-	
30	1191250	-	GET3
12	19022312	+	EDEM1
26	1278688	-	EPS8L3
2	136385091	+	COLEC10
18	3497036	+	CYBC1
27	7945964	+	RND2
1	141575152	+	
17	9110112	-	ZBTB6
1	141577492	+	
18	3498160	+	CYBC1
1	35177772	-	IFNG
11	18840387	+	MC1R
2	136385415	+	COLEC10
5	4942957	-	MPPED2
8	21965149	-	
1	141580360	+	
17	9117979	-	ZBTB26
6	702013	+	
5	4938130	-	MPPED2
2	89253790	+	ERP44
1	141583241	+	
4	61357027	+	CYP4V2
7	11436085	+	CASP18
1	141586779	+	
18	3514650	-	HEXD
17	9117855	+	RABGAP1
11	18842577	+	TUBB3
1	35224087	-	IL22
Z	81989922	-	ZCCHC7
1	141589509	+	
7	11436087	+	CASP18
6	30989133	+	GRK5
1	61068075	-	
1	93219627	-	STYXL2
11	18845933	+	DEF8
10	20364102	-	BLM
33	7174169	+	PRKAG1
4	61378572	+	F11
2	136421910	+	MAL2
17	9147825	+	GPR21
2	306562	+	FASTK
Z	81989736	-	ZCCHC7
12	19629856	+	LMCD1
Z	81988016	-	ZCCHC7
1	93224989	+	GPA33
1	141643190	-	TNFSF13B
6	31187619	-	RGS10
5	5240137	+	DNAJC24
4	61668372	-	MTNR1A
6	973717	-	
12	19676683	+	CAV3
12	19684780	-	OXTR
2	136482292	+	CCN3
6	973642	-	
7	11449832	+	CASP8
18	3566558	-	UTS2R
30	1211156	+	
9	11727846	-	PLSCR1
30	1212879	+	
33	7198415	-	SPRYD3
9	11725453	-	PLSCR1
1	61144857	-	DCP1B
18	3661970	-	
3	104528567	-	
33	7202344	-	MFSD5
6	784909	+	
5	5304228	-	IMMP1L
1	141655263	-	ABHD13
8	21979788	-	VDHAP
6	943152	+	
18	3703058	+	CD7
25	2407537	-	COPA
1	141655299	-	ABHD13
15	6215629	+	
6	945839	+	
3	15568556	+	SNX5
11	18853533	+	GAS8
14	1586667	-	BAIAP2L1
1	141655789	+	LIG4
10	20369576	-	CTSH
6	787301	+	
28	4163816	+	
6	787470	+	
9	11750547	-	PLSCR5
1	141812286	+	
1	142111064	+	
27	7990457	-	BRCA1
25	2303369	+	
1	142112756	+	
9	11751391	-	PLSCR5
Z	29368981	+	
6	31215975	-	TIAL1
1	142238918	+	
Z	29434268	-	
12	19731401	-	RAD18
9	12064322	-	ZIC4
6	820998	-	
1	195622148	+	
3	104528617	+	SLC30A3
10	20388562	-	RASGRF1
3	104539304	-	
1	93247832	-	MAEL
25	2309691	-	
Z	29499350	+	
25	2309051	-	
Z	30305109	+	
1	195629416	-	LAMTOR1
1	93258497	-	MAEL
8	21991112	-	
18	3784400	+	SEPTIN9
6	901213	-	
25	2309799	-	
1	142495383	+	ARGLU1
10	20420143	+	
2	89335335	-	STX17
Z	30442781	+	
6	901088	-	
1	195632213	+	LRTOMT
25	2321665	-	
Z	30796780	-	LURAP1L
6	918364	+	
8	22023808	-	DMBX1
2	89335537	-	STX17
15	6226114	+	
27	7990870	+	NBR1
25	2335912	+	
6	31268250	+	INPP5F
1	195636411	-	ANAPC15
28	4253117	-	INSR
9	12538281	+	AGTR1
2	89335819	-	STX17
1	195654498	+	
4	61879305	-	
10	20422863	+	TMED3
25	2342229	-	
2	89385555	-	NR4A3
14	1721236	-	TMEM130
1	142513096	+	EFNB2
7	11490898	+	STRADB
3	104547654	-	MAPRE3
25	2346915	-	
1	142769789	+	
25	2354085	-	
1	142899302	-	
27	8018369	-	MPP2
Z	30833822	-	TYRP1
1	142939779	+	
13	500024	+	
1	143003417	+	
10	20428453	-	GNRHR
25	2365500	+	CRNN
2	89697358	-	SEC61B
18	4068773	-	RASL10A
1	35333050	+	RAP1B
1	143125846	+	
4	62763514	+	
22	3034645	+	IKBKB
13	618879	-	
15	6242687	-	VPS29
2	89697618	+	ALG2
10	20430583	-	MESP1
25	2370430	+	
28	4262921	-	USE1
3	104557734	-	DPYSL5
10	20433602	+	
13	632067	-	CDK20
3	56273176	+	SGK1
2	89717661	+	IFI6
5	28513728	+	SRSF5A
11	18870452	+	CDH1
25	2386866	+	S100A11
3	56302892	+	SLC2A12
13	622226	+	PORCN
1	144099552	+	SLC10A2
2	328651	+	CDK5
5	28553320	+	ZFP36L1
1	144129229	-	
13	711527	-	
26	1296534	+	AHCYL1
9	12583262	+	CPB1
2	333087	-	
1	144190015	-	
8	22194222	-	MOB3C
2	89767957	-	GLIPR2
18	4116794	-	SEC14L1
2	334327	-	
9	12614245	+	
6	31321417	-	MCMBP
13	723544	-	
8	22193649	-	MOB3C
1	144208754	-	ERCC5
13	783320	-	
8	22190073	-	MOB3C
3	56344309	-	TBPL1
6	1244618	-	
1	195701721	+	SLCO2B1
4	62776696	+	ASAH1
2	89781385	-	BLOC1S4
13	800992	-	
9	12619381	-	
8	22206503	-	ATPAF1
3	56362566	-	TCF21
2	89840622	-	PARD6G
1	195701855	+	SLCO2B1
3	15658771	-	DSTN
13	836321	-	
1	195806601	+	
13	844093	-	PCDHB4
13	854382	-	
18	4209840	-	MGAT5B
13	899460	-	
3	104584279	-	DNMT3A
13	917347	-	
8	22221917	-	EFCAB14
3	15683584	+	CST3
2	89906746	-	SCGN
13	940907	-	
6	1251914	+	
33	7212689	+	ITGB7
17	9279299	+	CRB2
6	1258358	+	
13	950066	-	
3	104658791	-	
5	5461393	-	PAX6
6	31321086	+	SEC23IP
33	7224395	-	ZNF740
1	144226593	-	BIVM
2	37881702	-	NGLY1
6	1262447	+	
5	5568465	+	
10	20443467	-	ANPEP
26	1331612	-	ALX3
1	195860342	-	KCNE3
1	144230791	+	POGLUT2
3	104715074	-	
6	31489421	+	PLPP4
33	7224089	+	CSAD
13	964062	-	
18	4240761	-	MFSD11
1	195863721	-	LIPT2
6	31581488	-	
13	974012	-	
5	5714265	-	WT1
3	104740102	-	
26	1352712	+	SLC6A17
13	985344	-	
2	37881673	+	OXSM
8	22223376	+	CYP4A22
3	15797304	+	SYNDIG1
6	31607830	+	WDR11
25	2407633	+	NCSTN
2	38082509	+	
13	1028534	-	
33	7232142	-	
1	144249042	-	TEX30
3	56633286	-	EYA4
13	1042989	-	
11	18914807	-	CHTF8
25	2427409	+	NHLH1
2	38121822	+	LRRC3B
13	1110109	-	
1	144281168	+	METTL21C
2	38122216	+	LRRC3B
33	7234736	+	ESPL1
8	22236673	+	CYP4B7
22	3056268	-	
13	1118633	-	
14	1723283	+	TRRAP
25	2442218	+	VANGL2
Z	82335345	-	
2	38162780	+	LRRC3B
2	136673043	-	TAF2
26	1400047	+	RBM15
18	4241336	+	SRSF2
30	1368439	-	
31	17095	+	
3	56645858	-	
31	41447	-	
14	2130706	+	FAM20C
31	116157	-	
5	28963712	-	TMEM229B
3	15917270	+	CST7
13	1148587	+	
1	35393882	+	SLC35E3
12	19823509	+	THUMPD3
14	2205453	+	FOXL3
5	28968965	-	TMEM229B
8	22251459	-	PDZK1IP1
13	1209654	+	
31	126369	-	
2	398027	-	AOC1
12	19829649	+	
3	15917272	+	CST7
5	5765071	+	EIF3M
13	1278221	-	
22	3061680	-	POLB
30	1401086	-	
13	1290097	-	
22	3594012	-	
2	408260	+	
22	3597378	+	
2	412185	+	
18	4241342	+	SRSF2
1	93302853	-	ZFP92
26	1422754	+	PROK1
1	195879120	+	POLD3
2	417866	+	
3	56862421	-	RPS12
6	1398417	-	PHYHIPL
22	3608251	-	IL11
33	7246423	+	PFDN5
1	93298610	+	
30	1406051	-	MRI1
2	430417	-	
18	4247698	-	METTL23
30	1409396	-	YJU2B
2	136685316	-	DSCC1
31	149354	-	
10	20448187	-	AP3S2
11	18918695	+	SNTB2
31	184205	-	
2	136684408	-	DSCC1
15	6269152	-	PPTC7
26	1426410	-	LAMTOR5
25	2465729	-	SLAMF1
1	35415393	+	MDM2
18	4247802	+	JMJD6
3	15940433	-	APMAP
33	7250686	-	
31	314023	+	
3	15976454	-	ACSS1
22	3621116	+	ISOC2
31	317965	+	
18	4261188	+	
22	3634894	-	UBE2S
11	18925808	+	
1	144656291	+	FGF14
1	195949522	-	CHRDL2
31	368614	+	
22	3649164	-	
7	11578947	-	ALS2
1	144931151	-	ITGBL1
33	7256756	+	ASB8
31	467852	+	
11	18930317	-	PDF
1	195964053	+	RNF169
31	637113	-	
2	441521	-	
25	2470555	-	CD48
15	6275510	+	TCTN1
1	35464430	-	CPM
31	655371	+	
1	196002497	+	SPCS2
1	196007314	+	
31	689517	-	
24	188765	-	PKNOX2
26	1433283	+	PGA3
1	196009412	+	NEU3
2	136698116	+	DEPDC6
31	724721	-	
7	11591958	+	CDK15
5	29074495	-	PIGH
31	728825	+	
18	4293769	+	ST6GALNAC1
9	12807370	-	BDH1A
26	1442793	-	KCNA10
25	2479000	-	
7	11682384	+	FZD7
31	747304	+	
3	56867709	+	SLC18B1
1	93356698	+	
8	22291565	+	CMPK1
3	104865999	+	RAB10
31	764722	+	
25	2475688	-	
8	22326174	+	
26	1471568	-	KCNA2
11	18933246	+	NIP7
31	779716	+	
22	3667638	-	CIAO1
26	1493771	-	KCNA3
3	104904767	+	GAREM2
30	1477699	-	
31	836649	-	
5	5836920	-	
12	19852107	-	GHRL
30	1477520	+	
1	196016274	+	P4HA3
26	1536766	-	
5	29074720	+	ARG2
30	1499617	-	
10	20469686	-	IDH2
26	1544102	-	ETV7
22	3663296	+	
1	145329072	+	TMTC4
30	1697740	+	
3	16081562	+	SLC22A7
31	908754	-	
17	9524055	+	LHX2
31	917143	-	
13	1429210	+	
22	3667659	+	TMEM127
31	919642	-	
8	22809760	-	TRABD2B
11	18937487	-	TMED6
5	29099825	-	VTI1B
22	3693782	-	
30	1780337	-	
13	1451031	-	
8	22961544	+	SLC5A9
13	1454654	+	
2	457092	+	RARRES2
1	35503179	+	CPSF6
30	1797373	+	
18	4308786	+	ST6GALNAC2
30	1805564	-	
13	1484929	-	
2	460783	-	LRRC61
9	12832591	+	APOD
7	11775405	-	SUMO1
2	465096	-	ZNF467
3	16096879	+	TTL
5	29100045	+	
25	2516848	+	SLAMF8
33	7265353	-	PFKM
31	938763	-	
2	38546582	-	EOMES
3	16112592	+	POLR1B
1	35542896	+	LYZ
11	18946393	-	TERF2
6	1623255	-	
18	4342538	+	CYGB
25	2520992	+	ETV3
25	2521525	+	ETV3
17	9627008	+	NEK6
2	38726423	+	
15	6292446	-	HVCN1
31	941497	+	
22	3708828	-	
13	1532585	-	
W	787	+	UBAP2
15	6293160	-	HVCN1
31	949730	+	
13	1552955	-	
9	12836912	+	PPP1R2
10	20486357	-	CIB4
31	963479	+	
3	16130010	+	
15	6293393	-	HVCN1
8	23885562	-	BEND5
10	20485987	+	
11	18950606	+	CYB5B
25	2538236	+	ETV3L
1	35544311	+	YEATS4
2	38800952	-	AZI2
31	964534	+	
10	20487869	+	
33	7267803	+	SENP1
4	25454977	+	SH3RF1
7	11777039	+	NOP58
3	16131319	+	CNPY3
6	32050896	-	
2	39109746	+	RBMS3
1	35566490	+	FRS2
10	20500187	+	HDDC3
13	1571326	-	ZMAT2
31	1121591	+	
1	196053237	-	PPME1
4	25542372	+	CBR4
3	104937303	-	HADHA
31	1154949	-	
13	1571184	+	
3	56901720	+	
12	19868566	-	SEC13
W	141475	-	
1	145689429	-	PCCA
12	19859990	-	SEC13
24	274136	+	
14	2523922	-	PRKAR1B
W	104450	+	
31	1186966	+	
3	16134059	+	
1	93596025	+	IGSF3
W	187253	-	
3	56926882	+	TAAR2
22	3728696	+	ANKRD39
6	32138744	+	
31	1199268	+	
6	1894921	+	
3	16134577	+	
W	263517	+	
17	9693756	-	PSMB7
31	1226925	-	
6	2284631	-	
15	6311046	-	PPP1CC
3	16149641	-	PEX6
3	56931720	+	TAAR5
1	196069721	+	
24	285063	-	
6	2675359	-	GRID1
W	325470	+	
4	26882271	+	PCDH10
31	1321695	-	
1	196092608	+	
1	93662293	-	ADPRH
6	2888512	-	
31	1343374	-	
4	27049593	-	
2	39748137	+	TGFBR2
3	104935442	+	HADHB
5	29169648	-	PLEK2
1	35620953	+	CCT2
4	27504578	+	
31	1350290	+	
5	5842994	+	PRRG4
14	2536745	+	
1	61799223	-	ATP6V1E1
13	1576666	+	HARS
2	39907578	-	GADL1
15	6334348	-	MYL2
4	27928776	-	
1	196116614	+	UCP3
12	19877779	-	RPL32
3	104962557	-	
3	56943699	+	STX7
1	35635709	-	LRRC10
1	93674849	+	CD80
1	93674890	+	CD80
1	196123843	-	DNAJB13
1	61798694	+	BCL2L13
12	19877541	-	RPL32
1	145721881	-	ZIC2
26	1575057	-	STK38
W	460076	+	
31	1390649	+	
28	4359894	-	F2RL3
3	16157946	-	VSX1
28	4376473	-	SIN3B
31	1436943	+	
9	12909846	+	XXYLT1
5	5921146	-	
9	12972271	-	FAM43A
4	28960060	-	SLC7A11
1	93704946	-	TIMMDC1
W	817282	-	
1	35639105	+	CTSEAL
3	104975750	+	SELENOI
31	1478408	-	
13	1594660	-	WDR55
5	5992970	+	
26	1584188	+	SRSF3
31	1490998	-	
W	832572	-	
17	9743930	-	NR5A1
5	5996342	+	
31	1498029	+	
5	29180567	-	EIF2S1
28	4391056	-	TMEM38A
1	145728851	+	ZIC5
11	19042055	-	NOB1
W	993582	+	
5	29180510	-	EIF2S1
5	6000023	+	
3	56993933	+	MOXD1
W	1015131	+	
7	11936941	+	
31	1513136	+	
24	290651	-	
1	35667845	-	BEST3
1	145888554	-	CLYBL
15	6370783	+	CUX2
W	1058084	+	
4	29195831	+	NOCT
7	11952761	+	
3	16177804	+	ENTPD6
1	196138995	-	PAAF1
W	1127981	+	
28	4391143	+	SMIM7
4	29232394	-	ELF2
15	6397044	-	PHETA1
1	145946316	-	TM9SF2
31	1565465	-	
24	297265	+	MSANTD2
1	93721328	-	POGLUT1
3	16194666	+	MAL
W	1230316	-	
5	6009441	-	
7	11981643	-	WDR12
13	1603346	-	IK
24	329913	-	NRGN
1	196139871	+	COA4
31	1643542	+	
5	6554256	+	
W	1280134	-	
25	2567856	-	LRRC71
28	4394336	+	
17	9815450	+	OLFML2A
W	1331176	+	
31	1697052	+	
5	6560242	+	
1	145976515	+	
28	4412468	+	SLC35E1
5	6640160	+	
24	338653	-	PANX3
13	1603439	+	NDUFA2
5	29180599	+	ATP6V1D
2	40237864	-	OSBPL10
4	29261966	+	NAA15
3	105015066	+	PTK2B
8	24140464	-	DMRTA2
13	1611755	-	TMCO6
8	24295113	-	FAF1
1	196150403	-	MRPL48
31	1726030	-	
3	16246746	-	MRPS5
25	2572769	-	
1	93792988	+	BCL9
12	19916702	+	RHO
13	1613067	+	CD14
31	1764627	+	
8	24299173	+	CDKN2C
12	19921693	+	
31	1794922	-	
15	6404746	+	SH2B3
2	40263892	+	GPD1L
4	29304171	+	RAB33B
3	105034588	-	CHRNA2
5	29237604	-	MPP5
4	62853578	+	FGL1
31	1811464	-	
17	9826116	-	RPL35
26	1618156	+	C26H6orf89
4	62853644	+	FGL1
8	24334153	+	RNF11
1	35741016	+	
3	57273909	-	
3	16420525	+	SLC8A1
7	11987298	+	CARF
2	40304543	+	CMTM8
31	1839705	-	
1	196160546	+	RAB6A
24	342190	+	HYLS1
26	1639626	+	
1	93817896	-	ACP6
31	1827993	-	
24	342218	+	HYLS1
31	1840018	-	
24	353153	-	PUS3
3	57285086	-	
31	1845859	+	
31	1862125	-	
33	7292614	+	COL2A1
28	4420685	+	CHERP
31	1951799	-	
24	382201	-	CDON
2	40345059	+	CMTM7
7	12028376	+	PLEKHM3
1	196230734	-	PLEKHB1
3	16497527	+	GINS1
1	93850776	-	GJA5
2	40393391	-	CMTM6
2	90214551	-	GMNN
6	3059913	+	OPN4
4	62949156	+	MTUS1
2	136788122	+	COL14A1
31	1952331	-	
3	105043160	+	EPHX2
25	2588284	-	NTRK1
31	1960866	+	
6	3104861	+	LDB3
31	1964831	+	
1	93889971	+	GJA8
2	90214798	-	GMNN
3	57314067	-	
7	12173094	-	
5	7047688	+	C11orf91
13	1635152	-	TMEM173
25	2598489	-	INSRR
6	32232273	+	HTRA1
8	24408000	-	TTC39A
2	136792068	+	COL14A1
3	57364433	-	ENPP3
26	1678657	+	SNRPE
1	146080520	-	UBAC2
2	90222982	+	C6orf62
3	105054461	+	
28	4437586	-	C19orf44
31	1980377	+	
6	3207229	+	
W	1460587	+	
1	35841859	+	CNOT2
33	7316977	-	TMEM106C
13	1638996	+	UBE2D2
12	20081818	-	TMCC1
1	196231994	+	FAM168A
2	136937314	-	MRPL13
12	20081081	-	TMCC1
4	29343728	-	SETD7
W	1460627	+	
2	90240896	-	ACOT13
31	1992887	-	
1	146022451	+	GPR183
W	1489963	-	
4	63021875	-	PDGFRL
1	196231997	+	FAM168A
2	40421230	-	DYNC1LI1
26	1724197	-	ETNK2
1	35937978	+	KCNMB4
13	1686038	+	CXXC5
11	19080147	-	PSMD7
W	1706524	+	
1	146060187	+	GPR18
4	29358225	+	MGST2
1	196314174	-	
7	12179725	+	METTL21A
13	1823948	+	PSD2
4	29377008	-	
W	1724534	-	
26	1730462	-	REN
4	29572109	-	
31	2196233	-	
17	9883662	-	ARPC5L
W	1729228	+	
2	90240952	+	TDP2
W	1744158	-	
28	4437755	+	CALR3
9	13054465	+	GP5
6	32279119	+	
31	2208184	+	ACHE
26	1735583	-	GOLT1A
17	9888343	-	PPP6C
12	20107152	+	TRH
6	32286576	+	
W	1815483	+	
2	90410898	-	GALR1
9	13067941	+	LRRC15
1	196396212	-	RELT
W	1822995	-	
13	2072835	+	PURA
6	32307036	+	
9	13071475	+	CPN2
6	32310447	+	
18	4377659	-	AANAT
9	13074049	+	
W	1840514	-	
17	9887675	+	RABEPK
33	7324160	+	VDR
18	4379079	+	UBE2O
13	2117081	+	
9	13093885	-	HES1
31	2232449	-	RNASEK
4	63043789	-	SLC7A2
13	2117335	+	
18	4435069	-	SPHK1
6	32320765	+	
2	137072200	-	SNTB1
2	505017	+	
12	20138729	-	MRPS25
6	32332185	+	
4	29646811	-	CLGN
1	196613874	-	ARHGEF17
1	93900144	+	GPR89A
7	12222849	-	CREB1
2	137257292	+	
2	511301	+	GIMAP1-GIMAP5
4	29681776	-	MGAT4D
4	63086800	+	MTMR7
3	57369361	+	MED23
7	12222803	-	CREB1
6	3229366	+	BMPR1A
2	520883	-	
10	20508515	+	PRC1
6	32346247	+	
18	4438665	+	PRPSAP1
2	40442858	+	CNOT10
18	4466293	+	
33	7351137	+	MYG1
25	2615791	-	PRCC
31	2234063	+	
18	4474662	-	UBALD2
1	196449067	-	P2RY6
6	3266502	+	BMPR1A
6	3266503	+	BMPR1A
33	7362680	-	AAAS
2	137374399	-	HAS2
13	2170325	-	PFDN1
7	12266170	+	KLF7
3	57554676	-	AKAP7
1	196446280	-	P2RY6
10	20510560	+	
4	29687612	+	ELMOD2
2	137877361	+	ZHX2
25	2617131	+	HDGF
2	528924	+	CTC-575C13.4
6	3317807	-	
3	57527019	+	
17	9894996	-	HSPA5
2	544726	+	
15	6514166	-	BRAP
25	2623109	+	MRPL24
6	3332603	-	
11	19717686	-	DHX38
13	2180352	-	HBEGF
2	40528745	-	TRIM71
2	559965	-	
18	4495739	+	FOXJ1
26	1790373	-	
W	1874957	-	
7	12361679	-	CPO
3	57621418	+	
W	2075872	-	
26	1811826	-	PIK3C2B
1	62042662	+	
4	29886214	-	RNF150
25	2626380	-	METTL25B
2	565502	-	
33	7366364	-	SP7
6	32353434	+	
6	3338993	+	SNCG
3	57662249	+	
W	2083941	-	
25	2626869	+	ISG20L2
6	32354145	+	
W	2119764	-	
3	57843985	-	TMEM200A
31	2286396	-	
2	40579978	-	TCAIM
6	3352386	+	ADIRF
25	2633647	+	CRABP2
6	32354150	+	
13	2185355	+	SLC4A9
4	63148736	-	VPS37A
1	62049179	+	TUBA8B
28	4487194	-	KLF2
W	2140283	+	
25	2644375	-	
15	6505287	+	
31	2270925	+	
1	36008834	-	PTPRB
3	57927426	+	
33	7394692	+	
11	19722530	-	DHODH
7	12390798	-	FASTKD2
W	2219751	+	
6	3395369	-	
W	2312961	+	
6	32366096	-	C10orf88
7	12390599	-	FASTKD2
3	16516836	+	EIF4A3
W	2350706	-	
15	6514818	+	MAPKAPK5
6	32367978	+	
33	7403368	+	PCBP2
1	62058137	+	
15	6541220	+	ADAM20
1	196638370	+	RPS3
4	29911254	+	ZNF330
W	2358300	-	
5	7254514	+	CSTF3
26	1844570	-	LRRN2
31	2308559	-	
31	2303745	+	
13	2202774	+	ANKHD1
3	57946046	+	
33	7419705	-	
13	2306187	+	EIF4EBP3
6	32384001	+	PSTK
2	566519	+	ZNF767
24	415972	-	STT3A
3	57946180	+	
6	3395934	+	SHLD2
4	29912815	+	ZNF330
28	4518819	-	AP1M1
1	36168865	-	PTPRR
7	12390869	+	MDH1B
11	19730099	-	IST1
31	2327801	-	MAP2K7
12	20327306	+	
4	63148951	+	CNOT7
3	58039567	-	L3MBTL3
5	29530515	-	GPHN
4	63149498	+	CNOT7
7	12404841	+	DYTN
28	4519217	-	FAM32A
2	595243	-	
12	20332366	+	
6	32455794	-	IKZF5
4	63206134	-	ZDHHC2
1	196655118	-	SERPINH1
2	600327	-	
9	13237350	+	ATP13A4
2	137916249	-	DERL1
33	7424048	-	MAP3K12
21	47072	-	KLHDC7A
2	601952	+	
6	3449439	-	
9	13275632	+	
7	12435608	-	FAM237A
2	613636	+	ZNF777
13	2325482	-	
5	7313840	-	TCP11L1
1	36266933	-	TSPAN8
6	3471874	+	GPRIN2
W	2397236	+	RPL17
2	137916235	-	DERL1
25	2674826	-	HAPLN2
33	7426174	+	
W	2403651	+	RPL17
13	2389626	+	
1	36352208	+	LGR5
3	58109966	+	ARHGAP18
33	7428393	+	
13	2406548	+	
15	6561304	-	ERP29
33	7433412	-	
13	2412764	+	
33	7463320	-	
W	2446174	-	
9	13298124	+	
5	7323897	-	DEPDC7
2	137916482	+	TBC1D31
24	426121	-	EI24
4	29989429	+	IL15
6	32447795	+	HMX3
5	7335717	-	
4	63267129	+	FGF20
13	2420388	+	
24	428965	-	FOXRED1
3	105078987	+	
6	32456013	+	HMX2
W	2602132	+	SMAD7B
4	29989973	+	IL15
11	19750708	-	ATXN1L
2	622297	+	
10	20552537	-	FURIN
1	36492133	-	ZFC3H1
2	137945143	+	FAM83A
21	84269	-	IGSF21
10	20554250	-	FURIN
2	40633907	-	
6	3479797	+	NCOA4
5	7557383	+	OLFML1
W	2704794	-	
W	2677580	+	
33	7539365	+	HOXC13
13	2445932	+	
9	13305862	-	
2	40641635	-	
W	2755271	-	
3	58231715	-	
1	196850267	+	KLHL35
1	62089715	+	
7	12546721	-	
W	2793408	+	
9	13380712	-	
4	63732824	-	TUSC3
1	36512612	+	TMEM19
W	2839995	-	
13	2453211	+	
1	62091890	+	
W	2866150	-	
28	4537499	-	RAB8A
13	2464338	+	
1	146243004	+	SLC15A1
1	196929712	-	MAP6
Z	31700849	-	ZDHHC21
W	2884230	+	
9	13361946	-	
13	2474870	+	
15	6588861	-	NAA25
2	137985977	-	ZHX1
21	159830	+	RCC2
13	2487934	+	
W	2902439	+	
Z	31699548	-	ZDHHC21
1	36551880	+	RAB21
1	196939707	+	MOGAT2
7	12555296	+	CMKLR2
6	3507991	-	
2	629830	+	CDC25A
3	105090968	+	SCARA5
7	12555911	+	CMKLR2
33	7552387	+	HOXC12
6	32458913	+	BUB3
6	3508014	-	
W	2946238	-	
24	428137	+	SRPRA
9	13421516	+	MB21D2
Z	31708325	-	CER1
W	2989653	-	
5	29608785	+	BMF
10	20557985	+	MFAP1
1	62113753	-	AKR1B1
1	196969914	+	DGAT2
33	7572639	+	HOXC11
5	29609502	+	BMF
6	3507801	+	PARG
1	196990942	-	AT2
6	32678749	+	GPR26
33	7585953	+	HOXC10
3	16608452	-	HNRNPLL
11	19764265	+	AP1G1
8	24471642	+	OSBPL9
1	197031106	-	
7	12576467	-	EEF1B2
11	19798257	+	PHLPP2
10	20563224	-	HYPK
1	197037036	-	CHRNA10
3	105111720	+	PBK
4	63861918	+	SGCZ
33	7601322	+	HOXC9
5	29682651	+	SRP14
15	6590284	+	TRAFD1
22	3736305	+	LMAN2L
13	2506271	+	
3	105111968	+	PBK
22	3745559	-	
6	32756980	-	
1	62125904	-	
1	146279044	+	STK24
13	2516237	+	
22	3752829	-	
33	7605746	+	HOXC8
5	29720743	-	EIF2AK4
1	146301649	+	STK24
2	138039774	+	NTAQ1
22	3762290	-	
1	62136095	-	AKR1E2
33	7622308	+	HOXC6
13	2525831	+	
6	32724206	-	
W	3417683	-	
3	105133840	-	ESCO2
33	7640903	+	
4	30455566	+	GAB1
10	20563554	+	SERINC4
2	40838346	+	ANO10
1	36575097	+	TBC1D15
11	19836052	+	TAT
1	146289116	+	
3	16619745	+	GALM
33	7661545	+	HOXC4
13	2533383	+	
28	4540968	-	TPM4
6	3585026	+	OGDHL
33	7717518	-	SMUG1
3	16619771	+	GALM
11	19856230	+	
10	20571216	-	SERF2
2	40986502	-	SNRK
3	16619816	+	GALM
2	40987688	-	SNRK
6	32859776	-	CHST15
11	19867114	-	TERF2IP
33	7720615	-	CBX5
2	138086470	-	FBXO32
1	36613330	+	TPH2
5	7673796	-	CYB5R2
2	41055004	+	POMGNT2
2	138119541	-	KLHL38
1	62159550	-	
6	3681305	-	CHAT
6	32985638	-	OAT
1	36736396	+	TRHDE
1	62159458	-	
2	41076132	+	POMGNT2
10	20583361	-	PDIA3
8	24548688	-	NRDC
5	29759897	+	FSIP1
6	3687798	-	SLC18A3
4	30587498	+	SMARCA5
2	41076317	+	POMGNT2
5	7692468	-	OVCH2
1	62144848	-	
6	32996478	-	NKX1-2
7	12576609	+	NDUFS1
1	93983891	-	HTR1F
1	62148967	-	
6	32999470	+	LHPP
2	41108709	-	
3	16635829	-	
6	33085682	-	FAM53B
6	3726535	-	RGR
7	12576683	+	NDUFS1
22	3807124	+	
10	20594264	-	CKMT1B
1	62167702	+	BPGM
6	3740718	+	LRIT1
3	16636721	+	GEMIN6
13	2561952	+	
5	29849200	-	THBS1
7	12599657	+	INO80D
33	7735343	-	NFE2
11	19878815	+	ADAT1
3	16636958	+	GEMIN6
6	3758271	+	LRIT2
1	197074400	-	NUP98
Z	31971222	-	PSIP1
9	13696621	-	
5	7748090	-	FAR1
21	188276	-	PADI1
4	31010530	-	ANAPC10
2	41124715	-	RPL14
4	64714109	+	LONRF1
5	7786825	+	PTH
11	19912061	-	GABARAPL2
4	31010048	-	ANAPC10
Z	31942282	-	
1	62359691	+	CALD1
1	62435003	-	
1	37861967	-	
25	2835397	-	
25	2839747	-	
25	2847519	-	
11	19912187	+	CHST6
6	3800358	-	CDHR1
1	94287484	-	CHMP2B
2	41147533	-	ENTPD3
21	192800	+	PADI2
11	19913651	+	CHST6
25	2843844	+	
1	94287427	-	CHMP2B
W	3150172	+	
2	41172440	+	
18	4536871	-	GALR2
11	19920099	+	CHST6
8	24611889	-	TXNDC12
33	7746429	-	ZNF385A
W	3201713	+	
3	105134511	+	CCDC25
1	94356495	+	VGLL3
1	62466587	-	AKR1B10
14	2579659	+	GET4
W	3270682	+	
33	7754178	+	
22	3827641	+	ACTG2
13	2602601	+	PCDHGC5
11	19912202	+	TMEM231
33	7771196	+	
Z	32223128	+	
1	37868999	+	
1	62735236	-	RERG
8	24612084	+	BTF3L4
W	3489115	-	
4	16360	-	
14	2598184	-	
8	215177	+	
1	197076798	+	PGAP2
8	24654352	+	ZFYVE9
4	16069	+	
8	243680	+	
21	202192	+	SDHB
14	2625401	-	
9	13858565	+	UTS2B
2	41184789	+	NOD1
1	197077418	+	PGAP2
6	33119433	+	FAM175B
1	197077865	+	PGAP2
W	3499721	+	
8	24727774	-	CC2D1B
22	3850881	+	
W	3536813	+	
2	41265858	-	ZNRF2
1	197097605	-	RHOG
6	33166337	+	ZRANB1
W	3547710	-	
2	91390441	+	ZADH2
W	3580610	-	
14	2640844	-	COX19
18	4538742	+	SRP68
17	10351698	-	ALC
2	41320388	-	MTURN
22	3860720	+	
21	211285	+	MRPS16
6	3833797	-	GHITM
25	2865970	-	
15	6667047	-	HECTD4
8	270926	-	
4	31010883	+	ABCE1
13	2670468	-	HDAC3
21	211359	+	MRPS16
14	2646826	+	CYP2AC7
4	88185	+	ZC3H12B
10	20653320	-	MAP1A
22	3867074	-	MOB1A
2	41350778	-	EAF1
8	294869	-	
2	91808773	-	ZNF407
5	30254659	+	EMC7
6	4992201	-	SH2D4B
3	105210200	-	
1	37882246	+	GLIPR1L
17	10356719	+	LMX1B
4	31052941	-	OTUD4
10	20655060	-	MAP1A
24	450929	+	DCPS
14	2656528	+	
2	91804837	-	ZNF407
2	91792647	-	ZNF407
31	2459947	+	
6	33207599	-	CTBP2
3	105226949	-	KCNK3
14	2672249	-	CYP2W1
2	91686325	+	
10	20688363	-	
1	37882299	+	GLIPR1L
17	10544180	+	ZBTB43
21	255925	+	ERRFI1
8	312086	+	
6	33226858	-	
1	94975094	-	CADM2
17	10555811	+	ZBTB34
8	316040	+	
5	30262434	+	
13	2672071	+	RELL2
1	62781911	+	PTPRO
5	7864789	-	ARNTL
31	2473736	+	METTL3
8	347799	-	
15	6682601	-	RPL6
13	2672789	+	RELL2
6	5024944	+	
2	830721	+	SMARCC1
4	31116058	+	SMAD1
5	30329607	-	CHRM5
4	31116720	+	SMAD1
24	473593	+	ST3GAL4
5	7864259	-	ARNTL
15	6682558	-	RPL6
4	128172	-	LAS1L
9	13963184	+	GMNC
2	91830339	-	CNDP1
7	13412887	-	CTLA4
3	16656261	-	
22	3867465	+	MTHFD2
4	31180282	+	MMAA
24	473950	+	ST3GAL4
31	2557318	-	
18	4557242	+	
5	7963360	-	RASSF10
31	2567310	-	
22	3897181	-	SLC4A5
3	16660021	-	
8	24744108	-	ORC1
5	30287850	+	AVEN
4	31320627	-	ZNF827
1	37899384	-	KRR1
31	2587234	+	
7	13454946	-	CD28
8	444521	-	AMY2A
Z	32971787	+	SH3GL2
18	4580639	-	CDK3
3	105305216	+	OTOF
10	20740065	-	TUBGCP4
2	41350205	+	METTL6
21	271456	-	PARK7
8	1153668	-	
1	95704319	+	
2	91859432	-	CNDP2
18	4586252	-	TEN1
15	6682823	+	PTPN11
4	147238	+	MSN
1	95722964	-	
3	16667136	-	
31	2671825	-	
14	2703952	+	GPR146
21	271465	-	PARK7
15	6741669	+	
10	20744794	+	IQGAP1
2	41350218	+	METTL6
6	5100064	-	TSPAN14
2	138468824	+	RNF139
1	197154933	-	
2	41350593	+	METTL6
6	33482070	-	UROS
1	38025170	-	
14	2725396	+	GPR146
22	3937658	-	
8	1215190	+	NTNG1
13	2687360	+	
4	192612	+	
1	63098506	+	STRAP
6	5083755	-	TSPAN14
15	6743586	+	
14	2725572	+	GPR146
4	31368147	+	LSM6
4	216542	-	
2	41350620	+	METTL6
8	24744263	+	PRPF38A
14	2732093	+	GPR146
16	560397	+	
21	271635	+	TNFRSF9
2	41350979	+	METTL6
16	620890	-	
28	4945091	-	UHRF1
14	2745676	+	
3	105338705	+	DRC1
3	16669538	+	MORN2
6	33485512	+	BCCIP
2	91875930	+	DIPK1C
2	914017	+	ELP6
4	31368700	+	LSM6
22	3951091	+	TACR1
1	63109353	+	DERA
31	2741115	+	
21	284869	+	UTS2
16	626758	+	
W	3662450	-	
15	6768114	+	WSCD2
14	2757417	+	GPER1
31	2753096	-	
16	628316	+	
18	4586308	+	ACOX1
2	91927757	-	C18orf63
6	5115923	-	FAM213A
6	33502673	-	DHX32
28	4952051	+	
14	2780273	-	ZFAND2A
1	63245438	-	SLC15A5
14	2802364	+	
31	2794659	-	
14	2804492	+	
28	4961810	+	TICAM1
15	6783755	-	CMKLR1
28	4972661	-	FEM1A
13	2714533	-	
17	10579120	+	RALGPS1
5	8207462	-	PARVA
3	16685418	+	ARHGEF33
15	6782650	-	CMKLR1
21	310409	-	PER3
W	3669295	+	
8	24784695	-	TUT4
W	3758143	+	
31	2803444	-	
14	2938908	-	MICALL2
W	3776607	+	
1	197157405	+	RRM1
21	314464	-	VAMP3
W	3865009	-	
2	41391821	+	SH3BP5
1	197187326	-	
6	5131184	+	DYDC2
31	2828259	+	
W	3907138	+	
1	197192442	-	
15	6785231	-	CMKLR1
31	2842890	-	
1	63277443	+	MGST1
8	24796809	+	GPX7
1	197219745	+	
31	3005391	-	
2	41443278	-	
15	6784343	-	CMKLR1
8	24817656	+	SHISAL2A
16	1504564	-	
17	10586101	+	RALGPS1
W	3970486	+	
Z	33565062	-	SAXO1
31	3014597	+	
3	16754548	-	SOS1
8	24837184	-	
7	13653519	-	ABI2
2	91986776	-	TIMM21
1	197223093	+	OR51E2
1	197230010	+	
15	6798406	+	FICD
31	3030397	-	
2	41464606	-	CAPN7
W	4116596	+	
31	3020724	+	
21	350643	-	
16	850033	+	
W	4158745	-	
1	197239709	+	
31	3024382	+	
2	41502573	+	
31	3045646	+	
13	3121547	+	
1	197251621	+	
31	3045980	+	
13	3140064	-	PCDH12
1	63279358	+	MGST1
6	5149739	+	MAT1A
1	38055929	-	NAP1L1
2	138488802	-	TATDN1
2	41515331	+	
21	539804	-	
1	97690453	+	ROBO1
1	197261426	+	OR52R1
1	38055409	-	NAP1L1
7	13681937	-	CYP20A1
5	8397385	+	DKK3
1	197268442	-	OR51M1
16	958350	+	
8	24858084	-	COA7
31	3061101	+	
2	138488838	+	NDUFB9
8	24857696	-	COA7
14	2987551	-	INTS1
31	3068331	-	
17	10618538	-	ANGPTL2
24	948481	-	ETS1
2	41532339	+	
1	197277208	-	HBE
13	3147680	+	
6	5169302	+	
W	4272540	+	
16	1505922	-	
4	31384426	+	
W	4312012	+	
22	3985567	-	
2	91986880	+	FBXO15
16	1110047	-	
Z	33602478	-	HAUS6
13	3168035	+	DNAJC18
2	91988483	+	FBXO15
7	13680574	+	
2	41566508	-	PIK3R4
W	4378818	-	
16	1019313	+	
4	31572704	+	POU4F2
6	5191519	-	SFTPA1
8	24858272	+	ZYG11B
8	1534129	-	VAV3
1	197281946	-	HBBA
16	1021215	+	
W	4419914	-	
4	31704957	-	TTC29
2	138611280	-	MTSS1
17	10682819	-	FBXW2
1	197280001	+	
2	92453575	-	
16	1077028	+	
W	4485189	-	
22	4007124	-	
18	4620156	+	MRPL38
2	41622054	+	ATP2C1
21	539941	+	DNAJC11
22	4015124	-	
16	1109836	+	
25	2882180	-	TPM3
14	2996758	-	
8	24886539	-	ECHDC2
1	197284551	-	HBE1
16	1153331	+	
8	1573913	-	
2	92477284	+	NETO1
18	4630255	+	
13	3188490	+	SLC23A1
8	1570243	+	
17	10683005	+	SLC2A8
2	92498266	-	
28	5030700	+	
Z	33614188	-	PLIN2
6	5202495	-	SFTPA2
31	3129589	-	
14	2999628	+	MAFK
4	31904342	+	EDNRA
2	138683095	+	SQLE
16	1184102	+	
Z	33617017	-	PLIN2
31	3145865	+	
4	339230	+	GPR83L
2	41675062	-	
6	5203105	-	SFTPA2
21	562589	+	KLHL21
14	3004576	+	MAFK
16	1233541	+	
18	4640659	+	WBP2
31	3167300	+	
2	41674967	-	
1	197289402	-	HBBR
22	4022377	-	H2AZ2
31	3180013	-	
16	1235404	+	
22	4027518	+	
2	138724604	-	WASHC5
14	3005411	+	MAFK
2	41677647	+	
2	92619424	+	CBLN2
16	1259164	-	
4	361731	+	
3	16843993	-	MAP4K3
13	3200196	-	PAIP2B
6	33704427	-	ADAM12
8	24886660	+	SCP2
16	1273838	+	
2	92930502	-	
13	3201706	-	PAIP2B
1	146587988	-	IPO5
28	5034853	+	MYDGF
22	4032286	-	COX5B
16	1314813	+	
22	4038737	+	
18	4655895	+	UNC13D
2	41735611	-	
2	93238821	+	
4	64741468	+	PPAT
1	197315886	+	FOLR1
8	1602909	-	SLC25A24
18	4704044	-	UNK
2	41773573	+	
25	2888873	-	C25H1ORF43
4	64787542	+	AASDH
28	5047576	-	TNFAIP8L1
2	93543953	-	SOCS6
4	392016	-	EDA2R
1	63408160	-	LMO3
1	197316241	+	FOLR1
31	3200114	+	
1	146744321	-	RAP2A
1	197339615	-	
6	5224380	-	MBL2
2	138725194	+	NSMCE2
3	105372181	+	POMC
7	13789071	+	
1	197345992	-	
16	1357815	+	
3	16858699	-	THUMPD2
28	5047268	-	TNFAIP8L1
5	8537044	+	GALNT18
3	105385229	+	POMC
Z	33740880	-	RPS6
2	138859505	+	TRIB1
4	451461	+	AR
3	105385231	+	POMC
5	8566193	+	GALNT18
28	5047278	-	TNFAIP8L1
1	197353947	-	
1	98434154	+	
31	3257567	-	
21	583460	-	
Z	33744116	+	ACER2
1	63899629	-	RERGL
18	4707277	+	H3F3B
28	5098488	+	
24	1101947	-	KCNJ1
1	197370910	+	RPS11
13	3230714	-	MATR3
1	38250500	+	ZDHHC17
1	99407800	-	
21	584539	+	NOL9
4	545893	-	OPHN1
8	1608759	+	
1	99412225	+	RBM11
28	5107607	+	
1	63981655	+	PIK3C2G
2	41853984	-	MRPL3
5	30541375	-	RYR3
18	4707384	+	H3F3B
24	1287357	-	
7	13811022	-	IDH1
13	3231032	-	MATR3
31	3324581	+	
31	3402268	-	
1	99421122	+	
16	1461203	-	
16	1490460	+	
3	16894451	-	GPCPD1
25	2891636	+	UBAP2L
16	1545252	+	
1	197389587	+	
2	996566	-	
24	1375288	+	BARX2
16	1614883	+	
31	3420029	+	
24	1450781	+	TMEM45B
16	1618415	+	
25	2911727	+	HAX1
32	6972	-	
16	1691362	+	
21	604215	+	TNFRSF25
18	4715902	-	
16	1706455	+	
2	42075903	-	CPNE4
8	1639680	-	HENMT1
1	197392646	+	CCKBR
31	3426080	-	
16	1717308	-	
21	614042	-	
1	99466501	-	HSPA13
24	1457361	+	
8	1639776	-	HENMT1
1	38328004	-	CSRP2
21	612909	-	
18	4716747	+	GALK1
21	618712	-	
1	38391308	-	E2F7
22	4084255	+	
1	64224901	-	PLCZ1
3	16985845	+	CHGB
2	42151939	+	ACP3
21	620293	+	HES2
22	4084885	+	ADD2
1	64224976	+	CAPZA3
8	1643277	+	
4	548139	+	YIPF6
2	1011262	+	
2	42198570	+	DNAJC13
3	58568355	+	
2	1024177	+	
W	4494897	+	
2	1038303	+	
31	3444008	-	CHIR-B5
Z	34141730	-	MLLT3
22	4106739	+	SNRNP27
7	13896783	-	DNAJC10
W	4669320	+	
9	14069315	+	TMEM207
16	1750463	+	POLR2I
3	58645835	+	PTPRK
W	4686574	-	
4	560911	+	STARD8
22	4110333	+	MXD1
25	2927917	+	IL6R
4	31955443	+	TMEM184C
2	1043156	+	
3	17013624	-	TRMT6
3	105433631	+	DNAJC27
19	51269	-	
2	1043525	+	
8	1664386	-	
31	3524425	-	
3	105444375	+	ADCY3
9	14085868	-	CLDN16
5	30777369	-	GREM1
31	3607825	-	
3	59052743	+	THEMIS
1	197430567	-	TRIM3
13	3448619	-	CTNNA1
2	140536799	-	CYRIB
9	14097822	+	CLDN1
2	1043157	+	
26	1979695	+	CNTN2
3	59154607	-	C6orf58
1	99545973	+	
13	3448276	-	CTNNA1
8	24983416	-	SLC1A7
2	93971487	-	DOK6
31	3652779	+	
2	1048132	+	
3	105463791	-	CENPO
2	140559056	-	CYRIB
2	1048143	+	
4	612498	-	
22	4138534	-	TIA1
1	99764877	-	NRIP1
3	105463857	+	PTRHD1
13	3390516	+	LRRTM2
2	1060247	+	
6	5512585	-	CSGALNACT2
3	17013679	+	MCM8
25	2949623	-	UBE2Q1
5	9055364	-	CTR9
1	99726209	-	NRIP1
21	633126	+	ICMT
22	4138675	+	PCYOX1
2	1055416	+	
31	3688164	+	
21	642463	-	RNF207
4	64993647	-	EXOC1L
3	59176175	+	
7	14154526	-	PPP1R1C
31	3707691	-	
1	64882883	+	PDE3A
1	197438849	+	
2	42275377	-	ACAD11
4	1070879	-	EFNB1
7	14197263	-	ITPRID2
1	197464277	-	
8	24984865	+	CPT2
9	14139404	+	P3H2
4	1105128	+	NALF2
1	197467585	-	
2	42256779	+	ACKR4
7	14257747	+	NEUROD1
5	9121570	+	IRAG1
22	4146569	-	SNRPGP15
1	100511952	+	
8	25001166	-	CZIB
2	42257464	+	ACKR4
22	4146550	-	SNRPGP15
4	1137054	+	EDA
3	17029870	+	CRLS1
6	33970463	-	INSYN2A
3	17030506	+	CRLS1
5	9149552	+	LYVE1
4	1195803	+	
3	17078471	-	C3H1orf95
31	3775734	-	
31	3813723	-	
7	14306197	+	
7	14351730	-	ITGA4
6	34153579	+	NPS
22	4153627	-	
3	59266598	+	ECHDC1
Z	34160694	+	FOCAD
8	25003801	-	MAGOH
31	3824746	+	
1	100685485	+	CXADR
6	34194984	+	
31	3838127	-	
1	65137008	+	SLCO1C1
22	4172378	-	TGFA
3	105630321	-	NCOA1
4	1202967	+	WNT11B
6	34227592	-	CLRN3
3	105668513	+	ZNF395
2	42275736	+	UBA5
Z	34163998	+	FOCAD
31	3841638	+	
19	70995	-	MYH7
4	65036791	+	NMU
26	2023555	-	RBBP5
3	105684242	-	PNOC
31	3841782	+	
13	3514654	+	HSPA9
4	1212974	+	
31	3961927	-	
3	59266612	+	ECHDC1
22	4620737	-	LRRTM4
3	17119785	+	PARP1
19	83860	+	
22	5083582	+	ADRA1A
31	3973117	-	
3	59318622	-	RNF146
4	65053223	+	PDCL2
31	4031980	+	
1	197467875	+	ILK
5	9161644	+	RNF141
5	30872492	+	RASGRP1
7	14573493	-	UBE2E3
13	3538939	+	ETF1
3	105691610	+	
Z	34278183	-	HACD4
5	30924514	-	FAM98B
1	100767075	-	C1H21ORF91
22	5139565	+	
31	4037869	+	
21	691341	-	KCNAB2
3	105693259	+	
8	25163464	-	LRP8
5	9161871	+	RNF141
7	14574608	-	UBE2E3
Z	34285224	-	
31	4043866	+	
7	14574301	-	UBE2E3
6	5805815	-	BMS1
31	4043878	+	
3	59399436	-	RSPO3
2	94226785	+	TMX3
4	32675632	-	
5	9162960	+	RNF141
2	140819697	+	
8	25221808	+	DMRTB1
8	25429515	-	GLIS1
2	42296075	-	
31	4073770	-	
18	4777175	+	RECQL5
6	5819141	+	TMEM254
2	1186169	+	AQP1
31	4086872	+	
1	197480661	-	TPP1
5	9204672	-	AMPD3
31	4151071	-	
3	59679644	-	CENPW
26	2083441	-	NUAK2
2	94275197	+	
31	4159570	-	
18	4801335	-	SMIM5
5	9243150	-	
2	94652557	+	DSEL
25	3003576	-	PMVK
18	4801320	-	SMIM5
2	140984704	+	
1	101000642	-	TMPRSS15
2	42312550	-	
4	1228842	-	P2RY4
2	94908315	-	
26	2094449	-	KLHDC8A
25	3008264	-	PBXIP1
W	4724025	-	HNRNPKL
31	4181854	-	
3	105792887	-	ELP3
1	101277587	-	
18	4820273	-	
1	101857266	-	
31	4221307	-	
25	3007451	-	PBXIP1
W	4724023	-	HNRNPKL
4	65129371	-	TMEM165
1	102059323	+	
21	816654	-	AJAP1
W	4723732	-	HNRNPKL
1	102062024	+	
4	1237390	-	INPPL1
1	197530937	-	
W	4722837	-	HNRNPKL
31	4263818	-	
1	102077385	+	NCAM2
21	916953	+	C1orf174
31	4283603	-	
1	65214941	-	
1	197563823	+	LCMT2
4	65135891	-	
W	4767960	-	
1	102353847	-	
1	197608366	-	
31	4300048	-	
1	102987853	+	
1	103097941	-	
5	31437974	+	MEIS2
1	103589595	-	
3	59817468	+	
31	4329707	-	
31	4357632	-	
21	923687	-	DFFB
25	3014866	-	SHC1
7	14780212	+	CWC22
4	1241080	+	ARR3
31	4380382	+	CHIR-B2
31	4396012	-	
3	59831811	-	HINT3
3	105834156	+	FZD3
31	4457497	-	
25	3020468	+	CKS1B
1	65281262	-	SLCO1A2
6	5866783	+	PLAC9
26	2178133	+	MFSD4A
14	3026578	-	PSMG3
7	14842857	+	ZNF385B
4	33236272	+	RPS3A
25	3021113	+	FLAD1
26	2221245	-	
14	3027172	-	PSMG3
25	3027026	+	
1	65265009	+	IAPP
3	105945167	+	EXTL3
25	3051652	-	
3	17212579	+	ACBD3
2	42576015	+	CDV3
3	105946574	+	EXTL3
31	4448072	+	CHIR-A2
26	2246628	-	SLC45A3
14	3139896	+	ELFN1
21	937016	+	LRRC47
3	105972116	+	EXTL3
W	4957599	+	
31	4457192	-	
18	4876014	-	SLC16A3
2	1238715	+	GHRHR
31	4746395	+	
2	42613882	-	TOPBP1
25	3113868	+	
31	4750522	+	
25	3120647	-	
1	39190683	+	SYT1
3	17247359	-	H3F3C
25	3124408	-	
2	42623187	-	CCR5
13	4012490	-	FGF18
4	65185439	+	KDR
18	4884946	+	
3	17263074	+	SDE2
6	35604326	-	TCERG1L
1	65298236	+	PYROXD1
19	175202	+	
1	39312943	+	SYT1
25	3147836	-	
14	3476461	-	MAD1L1
2	42640047	-	CCR2
25	3145569	+	
3	59947701	-	HEY2
3	17277099	-	LEFTY1
14	3479865	-	MRM2
2	42655342	-	CCR8L
1	39631576	-	PAWR
21	945291	-	
25	3151399	-	
4	33390140	+	FHIP1A
2	42681277	+	XCR1
21	945322	-	
25	3152498	+	
14	3479887	+	NUDT1
31	4762091	+	ZNF628
31	4766810	+	
25	3156655	+	
9	14265223	-	TP63
25	3159946	-	
25	3161204	+	
31	4787086	+	
20	98048	-	
8	25457093	-	YIPF1
5	9568096	-	SWAP70
4	33477552	-	GATB
3	17289368	+	TMEM63A
Z	34452877	-	RFKL
21	976104	-	TP73
2	141375407	-	
2	42699453	+	FYCO1
5	31766621	-	C5H15orf41
3	106095978	-	INTS9
6	35730058	+	PPP2R2D
25	3165615	+	
8	25457119	-	YIPF1
2	42731243	-	CCR9
25	3168931	-	
4	65321836	-	KIT
2	95113245	+	CDH19
3	17347820	-	EPHX1
6	35762509	-	BNIP3
8	25457804	+	DIO1
2	95113311	+	CDH19
3	106142315	+	HMBOX1
5	9580919	-	WEE1
26	2285673	-	RAB29
3	17362366	-	SRP9
19	175219	+	
2	95159241	+	CDH19
4	33710874	-	FBXW7
13	4055527	-	TLX3
25	3173385	-	
4	33804566	-	
25	3174642	+	
7	15017686	+	SESTD1
25	3177791	-	
8	25466172	-	HSPB11
20	123851	-	SRSF6
31	4828053	+	
7	15020426	+	SESTD1
21	979698	+	WRAP73
7	15023696	+	SESTD1
25	3178913	+	
8	1703317	-	
1	65337020	-	RECQL
1	103860617	-	ATP5PF
8	25466486	+	LRRC42
2	42755283	+	SLC6A20
21	996073	-	TPRG1L
2	1597843	-	
4	33875050	-	TMEM154
4	1269650	-	PDZD11
8	1703384	+	GPSM2
8	25477526	-	LDLRAD1
25	3191593	-	
13	4194245	-	
1	65337341	+	GOLT1B
7	15082040	+	CCDC141
2	42771975	-	SNRPD1
25	3186153	+	
5	32187079	+	DPH6
5	9619996	-	ZNF143
1	39833011	+	RPS16
6	5912683	-	ECD
4	1269605	-	PDZD11
2	42796918	-	SACM1L
5	32399175	+	ZNF770
13	4211094	-	
5	9655347	-	IPO7
25	3186154	+	
7	15144552	+	
25	3193894	+	
2	42824483	-	LIMD1
8	1738586	-	CLCC1
8	25489409	-	TMEM59
31	4878575	-	
1	103860753	+	GABPA
2	95545982	-	CDH7
5	32415013	+	AQR
7	15184457	+	
8	1738919	-	CLCC1
7	15198607	+	
4	33933549	+	
13	4225180	-	
8	25489529	+	TCEANC2
19	251272	+	
13	4224792	-	
25	3206133	+	EDMTFH
31	4894763	+	
4	33954634	+	
21	1037986	-	ARHGEF16
7	15216648	+	
8	25500343	-	CDCP2
19	251998	+	
25	3211964	-	EDBETA
4	65461692	-	GSX2
2	96038320	+	
8	1761181	-	WDR47
7	15338261	+	
1	146937817	+	
4	65475198	+	CHIC2
2	96247600	-	
14	3509391	+	EIF3B
5	9669263	+	TMEM41B
25	3215078	+	EDYM1
8	1760591	-	WDR47
31	4903146	+	DMBT1L
W	5213882	+	
25	3233114	+	
8	25514791	-	
14	3534997	+	CHST12
2	42919794	-	LARS2
3	60834072	-	NKAIN2
W	5279362	-	
1	146954675	+	
3	106346314	-	KIF13B
2	1815088	+	VIPR1
W	5291751	+	
5	32480478	+	ACTC1
25	3246649	+	EDQM3
3	60899753	+	
1	146996585	-	HS6ST3
6	5929549	-	DNAJC9
2	42973622	+	TMEM158
2	96511484	+	MC2R
14	3579143	-	GRIFIN
3	61206950	-	CLVS2
21	1263050	-	
2	43004556	+	CDCP1
5	32480624	+	ACTC1
2	1996512	-	SEC22C
2	96511537	+	MC2R
1	147273159	-	
2	141668463	-	LRRC6
13	4257273	-	GABRP
31	4930376	-	PIT54
7	15380511	+	
21	1264801	-	
W	5302803	+	
2	96559269	-	MC5R
25	3251662	+	
13	4256505	-	GABRP
W	5304732	+	
1	39845476	+	OTOGL
3	61280317	-	SMPDL3A
31	4935615	-	
5	32502596	+	GJD2
6	5935003	-	TFAM
14	3626463	+	LFNG
6	35920340	+	PWWP2B
W	5352446	+	
2	2020319	+	NKTR
31	4937065	-	
4	65644634	+	LNX1
2	43041839	-	CLEC3B
25	3254707	+	EDCH3
1	39941570	+	
9	14938213	+	BCL6
24	1665766	-	ZBTB44
19	178254	+	
W	5423482	+	
2	2020874	+	NKTR
4	65644831	+	LNX1
19	196304	-	
21	1367733	+	
25	3257329	+	EDCH2
2	96598993	-	RNMT
9	14944271	+	BCL6
W	5433729	-	
24	1698988	-	ADAMTS8
3	61286154	-	FABP7
W	5605288	-	
25	3266435	+	EDMPN2
W	5801724	-	
19	199108	-	
21	1390844	+	MMEL1
24	1706345	+	ADAMTS15
W	5861676	+	
7	15401754	-	PLEKHA3
6	36003362	+	INPP5A
25	3270145	+	KRTAP10-4
W	5871541	+	
3	61352281	-	PKIB
31	4960499	-	
4	34025593	-	
5	9744885	+	SCUBE2
W	5921577	-	
31	5208704	+	
2	2080866	+	ZBTB47
5	32613495	+	
25	3273089	+	
2	43070368	-	EXOSC7
3	61317331	-	PKIB
4	34025725	-	
9	14959957	+	SST
4	34025895	-	
2	96599127	+	FAM210A
19	207056	-	
7	15401946	+	FKBP7
Z	34582882	+	FXN
4	34025149	-	
2	2104170	-	KLHL40
24	1825266	-	SNX19
2	96599225	+	FAM210A
5	9791730	+	NRIP3
19	211743	-	
W	5944392	+	SPIN1W
7	15404379	+	
21	1419447	-	
8	25575125	-	SSBP3
W	5970279	-	
6	5951420	-	UBE2D1
5	9814177	+	TMEM9B
19	275236	-	
5	32696459	-	STXBP6
31	5292978	+	
21	1428855	+	
1	147288623	+	UGGT2
19	267870	+	
2	141686073	-	TMEM71
1	39965497	+	PTPRQ
19	274266	+	VPS37D
20	258118	+	AAR2
31	5311883	-	
5	32704944	-	STXBP6
7	15417032	-	PJVK
9	15017996	+	MASP1
2	2119611	-	HHATL
5	9824339	+	ASCL3
3	61372227	+	SERINC1
21	1435552	+	HES5
13	4533095	+	KCNMB1
31	5402739	-	
19	282247	-	DNAJC30
4	65762016	+	SCFD2
31	5417661	-	
3	17463623	+	ENAH
31	5431759	-	
W	6346847	+	
5	9824616	+	ASCL3
9	15050281	-	
6	5951613	+	CISD1
18	4949928	+	DUS1L
4	65948246	-	RASL11B
13	4533123	+	KCNMB1
2	2136868	-	
W	6346923	+	
6	5966532	+	IPMK
W	6368324	-	
2	2146612	-	
1	40080215	+	MYF6
5	9828728	+	C11orf16
31	5622867	-	
3	106689077	+	
3	106753823	-	
1	40085112	+	MYF5
9	15052590	+	
26	2343007	-	SLC26A9
8	25598867	-	TTC4
25	3290545	-	
2	96858886	-	LDLRAD4
1	104345964	-	ADAMTS1
8	25601076	-	PARS2
2	2159697	-	HIGD1C
2	43113228	-	TGM4
25	3294274	-	MHM2
1	104419315	-	ADAMTS5
21	1438217	+	PANK4
1	104702968	+	
4	65987993	+	USP46
19	281710	+	WBSCR22
26	2352491	-	RAB7B
3	106818809	-	
W	6510214	+	
1	104705264	+	
13	4598169	+	LCP2
2	2162908	+	ACKR2
1	65359495	+	BCAT1
25	3298411	-	S100A12
31	5628232	-	CHMP2A
5	9990843	+	RPL27A
3	17507071	+	LBR
1	104707560	+	
15	6816840	-	SART3
1	104712143	+	
W	6537641	+	
19	335181	-	STX1A
13	4701051	-	FOXI1
6	36241945	+	OPNVA
1	104714440	+	
W	6639294	+	
3	106887182	-	PINX1
4	66161979	-	SPATA18
8	25616427	-	DHCR24
18	4976221	-	GPS1
25	3309315	-	S100A6
1	40199693	+	ACSS3
3	17599394	-	CNIH3
31	5636404	-	UBE2M
25	3310726	-	S100A4
8	25624594	+	TMEM61
2	43127993	-	TMEM42
13	4872139	-	DOCK2
21	1468998	-	KBP
7	15541507	-	RBM45
18	4976515	+	RFNG
2	96981295	-	CEP192
2	43164052	-	KIF15
4	34062799	-	CDKL2
W	6650828	+	
4	66162397	+	SGCB
1	105292679	+	N6AMT1
25	3314646	-	
21	1548181	-	PLCH2
5	33738911	+	FOXG1
4	66168833	+	
19	360244	-	BCL7B
13	4803069	+	INSYN2B
9	15053018	+	PCYT1A
3	106966214	-	
17	523563	-	
1	105326293	-	LTN1
2	43164073	+	KIAA1143
4	34067371	+	SH2D4A
18	4985113	+	DCXR
26	2358912	-	CTSE
9	15053022	+	PCYT1A
2	141763786	+	
31	5647299	-	TRIM28
3	107090156	-	
4	1359078	-	CYSLTR1
19	364590	-	TBL2
3	107111964	-	
26	2368583	-	AVPR1B
7	15544424	+	
31	5652043	+	
Z	34698424	+	FAM189A2
4	1364735	+	
13	4897890	-	SPDL1
7	15549638	+	PDE11A
Z	34698494	+	FAM189A2
31	5657551	-	ZBTB45
3	107114863	-	OvoDA1
1	105330045	-	RWDD2B
15	6817198	+	ISCU
8	1909179	+	
18	4993464	-	RAC3
6	36263377	+	TCTN3
1	105332806	+	USP16
7	15680124	+	TTC30B
4	1395651	+	LPAR4
21	1554928	+	PEX10
25	3324625	-	
3	61838470	-	GJA1
3	107117279	+	OVODB1
4	1396625	+	LPAR4
7	15770328	-	AGPS
6	36284761	+	
3	61836495	-	GJA1
4	34104242	-	CSGALNACT1
1	147465106	-	CLDN10
25	3324985	-	S100A13
26	2390966	-	
4	1435125	+	
1	40772837	-	CCDC59
26	2389897	-	
4	34104004	-	CSGALNACT1
4	1445083	+	
6	36301375	-	
25	3328411	+	S100A1
3	107121833	-	OvoDA1-2
9	15078779	-	SLC51A
2	97013090	+	PTPN2
10	530171	-	
5	10431294	+	RIC3
4	66219745	-	DCUN1D4
4	1453967	+	GPR174
18	5003643	-	LRRC45
21	1568391	-	RER1
8	2069077	-	NR5A2
5	10515004	-	TUB
3	107124474	+	OvoDA3
26	2390184	+	
21	1568555	-	RER1
8	25627286	+	PCSK9
2	43386278	+	CTNNB1
8	25628193	+	BSND
2	97057122	-	PSMG2
21	1772379	-	SKI
10	798787	-	
2	43387091	+	CTNNB1
31	5688541	-	CHIR-B3
10	638360	-	
4	1477971	-	ITM2A
1	65833774	+	SOX5
31	5698446	+	
21	1795181	+	
5	10619898	-	RRAS
25	3335149	+	
31	5741625	-	CHIR-B6
9	15091718	+	TFRC
26	2475894	+	IKBKE
25	3344702	+	SNAPIN
9	15091756	+	TFRC
1	41592961	+	
3	107134940	+	MTMR9
4	1505219	+	TBX22
2	43500176	-	
20	492652	-	MYL9
2	97057241	+	CEP76
1	41708448	-	SLC6A15
10	688765	+	
20	488707	-	MYL9
31	5804639	+	
17	632013	-	
1	66353692	+	
17	639798	+	
4	1528834	-	CHMP1B
3	107177930	+	
10	690091	+	
3	62823583	+	MCM9
3	107212649	-	
3	107222398	-	FAM167A
1	66480164	-	ETNK1
10	1026469	-	
17	665120	-	
18	5003733	+	CENPX
1	105363111	-	CCT8
31	5815164	+	
31	5839483	+	
8	26090895	-	PLPP3
3	62855425	-	ASF1A
18	5003740	+	CENPX
31	5916508	-	
10	1045444	-	
5	10668952	-	COPB1
19	407568	-	
10	1063459	-	
20	500509	+	GGT7
17	672266	+	DPP7
2	141867820	-	SLA
10	1065724	-	
2	141860273	-	SLA
2	43626903	-	
19	389999	+	ANGPT1L
18	5044674	-	ASPSCR1
31	5950896	-	
17	688240	-	
8	26110379	+	PRKAA2
4	34128059	+	INTS10
31	5977186	+	
2	141844787	-	SLA
31	5992058	+	
1	105378074	+	
17	714591	-	MAN1B1
5	10675823	-	PSMA1
10	1074421	+	
31	6114481	-	
31	6137450	+	
31	6143463	-	
1	105444523	+	BACH1
15	19890	-	
4	34157856	-	HGSNAT
26	2516979	-	EIF2D
15	20494	+	FIS1
2	97210085	-	PRELID3A
3	62988958	-	PLN
3	107328235	+	GATA4
1	41898277	+	ALX1
8	26153376	-	FYB2
21	1858935	-	GABRD
15	33742	+	
2	97210279	+	AFG3L2
26	2516995	+	DYRK3
8	26158855	+	C8A
18	5048916	+	NOTUM
2	43778740	-	CCK
1	42190042	-	RASSF9
16	2057699	-	
15	91718	-	MBLAC1
4	34157923	+	POMK
18	5058891	+	MYADML2
3	63086092	+	VGLL2
2	43920633	-	EIF1B
5	10693066	+	PDE3B
4	34167020	+	SMIM19
2	43925336	-	
2	97246235	-	TUBB6
26	2535306	+	MAPKAPK2
21	1870437	+	
20	576537	-	TP53INP2
1	147835785	+	SOX21
1	147878330	-	GPR180
3	107354453	+	NEIL2
8	26194902	-	C8B
1	42207171	+	NTS
15	92858	+	TAF6
3	107354612	+	NEIL2
18	5064083	+	NME2
15	107700	+	
2	2316006	-	
21	1876004	+	
26	2564995	-	IL10
3	107355163	+	NEIL2
1	42207539	+	NTS
2	2379396	-	
2	141922045	+	WISP1
1	66588236	+	ST8SIA1
2	97270754	-	CIDEA
19	462675	-	FZD9
1	66732736	-	
15	116313	-	FGF11
19	494227	-	FKBP6
26	2575609	+	IL19
1	42260808	-	MGAT4C
19	496901	+	TRIM50
4	34169543	+	SLC20A2
15	123825	-	NLGN2
1	66793430	+	C3AR1
1	42358204	-	MGAT4C
2	142007621	-	NDRG1
2	44131996	-	
16	1969856	-	
8	2500571	+	ATP6V1G3
1	42389054	+	
4	1556617	-	GPR119
2	97308480	-	IMPA2
16	1970006	+	
3	107359160	+	FDFT1
20	626176	+	
3	63175476	-	ROS1
2	44255631	+	TMC2
19	500330	+	NSUN5
Z	35045290	-	KLF9
4	34286985	+	
16	1987050	-	
25	3397146	+	SLC27A3
1	42822840	-	
2	2392484	-	IBA57
3	63189791	+	DCBLD1
16	1995627	-	
15	6862420	-	CORO1C
5	10790780	+	CALCA
26	2590723	-	PIGR
2	2402774	-	GJC2
4	1564536	-	SLC25A14
1	42829927	+	C12orf29
26	2598146	-	
16	1993010	-	
10	1115982	+	
1	147901713	+	DCT
2	142108042	-	ST3GAL1
19	538445	-	HIP1
2	44300137	-	RPSAP58
17	776726	-	TMEM141
10	1116481	+	
18	5095894	+	UTP18
20	655765	-	SAMHD1
2	44314964	-	SLC25A38
1	148011418	-	GPC6
25	3443095	-	
3	107378810	-	CTSB
25	3447107	-	
1	148456368	-	
3	63284010	+	
8	2611626	-	NEK7
10	1116483	+	
25	3446083	+	
5	10791201	-	CYP2R1
1	148574336	-	
25	3455048	+	
5	34370977	+	SCFD1
5	10855015	+	INSC
1	148868004	-	
21	1895685	+	
8	2621188	-	NEK7
2	44316108	+	CCR8
25	3465111	-	
16	2057283	-	
4	34300843	+	HSPA4L
21	1909587	+	
2	44330678	+	CX3CR1
8	26289893	-	DAB1
17	775724	+	
10	1138005	+	
3	107397608	-	AvBD13
25	3466360	-	NEDD8
4	1567144	-	RBMX2
16	2064486	-	
10	1139962	+	
2	44348127	+	CCR4
25	3483017	+	
3	63296036	+	NUS1
2	97308619	+	MPPE1
8	26666710	-	OMA1
4	1571532	-	RAB33A
25	3506922	-	
3	107403775	-	AvBD12
10	1140124	+	
17	781437	-	CLIC3
2	97308620	+	MPPE1
15	6857751	-	CORO1C
8	26674144	-	TACSTD2
10	1183612	+	
5	11601652	-	SOX6
4	34342156	+	
4	1576698	-	MARS2
8	2679771	-	LHX9
2	97324415	+	MPPE1
26	2619004	-	YOD1
15	6823274	-	TMEM119
3	107408849	-	AvBD11
8	2689627	-	
3	63377159	+	SLC35F1
8	26692538	-	MYSM1
26	2618673	+	PFKFB2
1	150082364	-	
10	1256295	-	
5	34450679	+	COCH
19	570383	-	CCL4
1	66853791	-	CMAS
22	5171047	-	CKAP2L
3	107427145	+	AvBD10
1	150458879	-	
25	3525646	-	
10	1216767	+	
1	150592170	-	
10	1235531	+	
4	34346569	+	
19	557517	+	CCLL4
1	42851268	-	
18	5313148	-	CA10
4	34368819	-	MFSD8
10	1248536	-	
5	11765074	+	C5H11orf58
22	5173295	-	IL1B
1	151070431	+	
Z	35630701	+	C9orf85
10	1250961	+	
1	42867926	-	
1	151154445	+	
18	5313472	-	CA10
1	151202922	+	
2	44413014	-	GLB1
9	15184274	-	RUBCN
2	2440971	+	
26	2635048	+	
2	143110108	+	KHDRBS3
2	97453065	-	GNAL
1	151237471	-	
2	2441075	+	
24	2574831	-	NCAPD3
10	1270045	+	
4	1576520	+	AIFM1
18	5630628	+	
3	63742912	-	RFX6
1	151581244	-	
26	2642206	+	
3	107459717	-	AvBD1
19	576608	+	CCL4
10	1283318	+	
16	2026335	+	
3	63761182	+	GPRC6A
10	1289309	+	
1	151668738	+	SLITRK6
4	1611198	-	BCORL1
8	2906095	-	CRB1
24	2575317	+	VPS26B
19	583600	-	CCL5
1	152064389	-	
3	63775429	+	FAM162B
1	152084985	+	
4	66445269	-	ZAR1
2	44413032	-	TMPPE
3	63799496	-	KPNA5
1	152610983	+	SLITRK1
2	143715487	-	
16	2026336	+	
25	3530669	-	
1	42885028	-	
2	144074164	+	
5	34531603	+	AP4S1
3	107433951	+	AvBD9
2	2443556	+	C1orf35
8	2940214	-	
10	1328544	-	SHF
8	2975514	+	ZBTB41
3	107440666	-	AvBD8
4	34368754	+	ABHD18
1	154055398	+	SPRY2
9	15191538	+	FYTTD1
5	34599123	-	HECTD1
5	11956268	-	RPS13
19	616290	-	
7	16240983	-	MTX2
4	1622728	-	
2	144387239	-	FAM135B
7	16266918	-	HOXD3
4	66452314	-	SLC10A4
5	12018064	-	PIK3C2A
1	66925745	-	
2	2461758	-	ARF1
3	107443030	+	BD7
25	3540945	-	CLK2
2	2461657	-	ARF1
24	2590683	-	THYN1
18	5836668	-	COX11
1	66955605	+	KCNJ8
4	1622479	+	ZDHHC9
7	16277643	-	HOXD4
10	1337596	+	
1	66956107	+	KCNJ8
4	34394077	+	LARP1B
3	107446916	+	AvBD6
26	2656096	+	CR1L
22	5177339	+	OGDH
7	16299201	-	HOXD9
7	16304988	-	HOXD10
2	2633772	-	WNT3A
4	1637992	-	SASH3
4	34445343	-	PGRMC2
24	2590528	+	ACAD8
3	63834645	-	RWDD1
7	16313967	-	HOXD11
4	1643187	-	XPNPEP2
3	107453344	+	DEFB4A
3	63834724	+	TRAPPC3L
17	817872	+	FUT7
25	3541395	+	
18	5906620	+	HLF
7	16321094	-	HOXD12
9	15276211	-	IQCG
3	63839410	-	CALHM4
5	34669267	-	HEATR5A
4	1645346	+	APLN
3	107464431	-	AvBD3
10	1423341	+	ZNF592
4	1669836	-	
21	1932296	+	GNB1
1	154873156	+	OBI1
8	3032092	+	F13B
Z	35760562	-	ZFAND5
3	63861087	-	FAM26E
4	1669055	+	ERCC6L
17	833192	-	Pou5f3
1	154908040	+	POU4F1
7	16333056	+	EVX2
5	34694681	-	DTD2
2	2665702	+	WNT9A
3	63871243	-	CALHM6
3	107468665	-	AvBD5
1	155114521	-	
9	15278279	+	RPL35A
1	67031006	+	LDHB
21	1932491	+	GNB1
3	63905439	-	
Z	35761919	-	ZFAND5
5	12022253	+	NUCB2
4	1676294	-	PIN4
18	5959070	-	MMD
21	1933068	+	GNB1
19	710117	-	SUPT4H1
5	12066076	-	KCNJ11
4	1695829	-	NHSL2
1	67048510	+	GYS2
3	107472826	-	AvBD4
25	3549515	+	FDPS
2	144755284	-	COL22A1
17	856892	-	
1	155290926	+	EDNRB
19	767109	-	
4	34596009	+	RCHY1
1	67094374	+	
4	1762986	-	MID2
2	145093521	-	KCNK9
21	1933105	+	GNB1
10	1456985	+	SEC11A
18	6014208	-	TMEM100
3	107478873	-	AvBD14
22	5210704	+	PPIA
18	6021507	+	PCTP
1	67117233	-	SPX
3	107478964	+	XKR5
15	6902659	+	DAO
1	43066975	-	KITLG
18	6106146	+	ANKFN1
17	868425	-	EXFABP
19	792925	-	
5	12134884	-	ABCC8
Z	35819526	+	TMC1
4	34615681	-	
18	6187592	+	NOG
22	5212638	+	NUDCD3
10	1476303	+	NMB
25	3597752	-	ASH1L
32	66800	-	
17	871747	-	
6	7337324	-	SIRT1
3	64024537	+	
24	2649394	-	B3GAT1
3	64064317	+	FRK
3	107485825	+	TRAM2
4	1811660	+	FAAH2
10	1484706	+	
7	16638236	+	ATP5G3
2	145630986	+	CHRAC1
2	44518220	+	FBXL2
3	64551160	-	
10	1499114	-	
17	874786	-	PTGDS
1	43326909	-	DUSP6
15	6930693	-	SVOP
18	6262584	-	C18H17ORF67
Z	35958334	-	ALDH1A1
7	16648171	+	ATP5G3
32	67698	+	TGM2
2	145692109	-	AGO2
10	1504415	+	DUOX2
4	34617002	+	BTC
4	1828005	-	CLIC2
3	107521378	-	EFHC1
17	879509	-	C8G
3	107530181	-	PAQR8
18	6259783	+	DGKE
6	7337219	+	DNAJC12
18	6287152	-	TRIM25
32	69421	+	ACTN4
4	34628330	-	GSR
6	7337345	+	DNAJC12
25	3611935	+	MSTO1
2	3303811	+	JMJD4
1	155487164	-	SCEL
2	145698580	+	RPLP1
21	1976366	+	NADK
4	66502757	+	TEC
18	6292800	-	
21	1979206	+	NADK
3	64588327	+	HS3ST5
7	16657945	+	ATF2
25	3624498	-	
3	64589532	+	HS3ST5
4	66546130	+	
24	2895175	-	ATP12A
10	1539392	-	SORD
25	3627449	-	
3	64642297	+	HS3ST5
3	17672077	-	CNIH4
3	64672968	+	HS3ST5
3	64618254	-	
4	34640529	-	PPP2CB
4	66556118	+	
1	43404429	-	POC1B
5	12193954	-	USH1C
4	34667903	-	PURG
32	92453	-	ECH1
5	12166095	-	
10	1575874	-	RBPMS2
1	105582844	-	GRIK1
18	6293718	+	SCPEP1
5	12208710	-	
9	15291664	+	PSMD1
2	3360014	+	
1	105739743	-	
1	105752452	-	CLDN8
Z	36034182	+	ANXA1
25	3654647	-	RIT1
21	2008845	+	SLC35E2B
2	98065183	-	NAPG
9	15322126	-	HTR2B
10	1594204	+	OAZ2
2	3549349	-	MYL3
7	16717993	+	CHN1
2	3547185	-	MYL3
2	3590383	-	
6	7369397	+	CTNNA3
26	2687134	+	C4BPA
22	5231576	+	CAMK2B
5	34706467	+	NUBPL
5	12210163	+	
Z	36554623	+	RORB
21	2019114	+	CDC2L1
17	913858	+	EDF1
10	1646564	-	ZNF609
16	2045171	-	
2	98307894	+	APCDD1
4	1828742	+	
3	17672118	+	NVL
17	928380	-	MAMDC4
3	107558606	+	
8	3509566	-	
1	105885857	-	TIAM1
21	2041878	-	MMP23B
26	2737426	-	CD34
22	5252898	-	YKT6
16	2061906	+	Y-LEC1
5	34812372	+	ARHGAP5
16	2062430	+	
25	3663616	-	KIAA0907
6	7573415	-	LRRTM3
3	17711133	-	DEGS1
7	16803593	+	CHRNA1
2	98375779	-	VAPA
5	12277325	+	
6	7849227	-	
16	2069172	+	
10	1670289	-	TRIP4
17	930911	-	PHPT1
3	107569597	-	IL17A
15	6946607	+	UNG
3	17728981	-	FBXO28
1	105995337	+	SOD1
25	3664866	+	
6	8461055	-	
3	64830915	+	HDAC2
16	2084768	-	
2	98350699	+	
3	17738450	+	TP53BP2
5	12387716	+	FTL
10	1671614	+	
15	6953787	+	
14	3739905	-	
7	16834579	+	WIPF1
22	5253936	+	GCK
2	98467538	-	RAB31
15	6960793	+	
5	12395624	+	MYOD1
7	16882459	+	GPR155
20	683373	-	RBL1
25	3671693	+	HORMAD1
21	2082157	-	MIB2
5	12414763	+	KCNC1
6	8499207	-	REEP3
17	997393	-	RABL6
3	107604085	+	
14	3736980	-	
4	34710681	+	GTF2E2
3	64898951	-	
5	12654177	-	SERGEF
18	6578597	-	UTP6
3	107604672	+	
8	26696468	-	
24	3059934	+	CLMP
7	16914087	-	SCRN3
8	3878789	-	CDC73
3	64901566	-	MARCKS
8	26715827	-	JUN
4	34710770	+	GTF2E2
21	2089567	+	
8	3820106	+	B3GALT2
3	65392215	-	
8	26980880	-	
21	2117091	+	FNDC10
14	3740254	+	BRAT1
1	43978617	-	EPYC
Z	36845893	-	CARNMT1
3	107623727	+	
7	16914151	+	CIR1
4	34720784	-	SMIM18
7	16941586	-	SP9
1	106074483	+	HUNK
9	15359987	+	ARMC9
17	1003940	-	AMBP
4	34746119	-	RBPMS
32	101825	-	SIRT2
14	3763942	+	AMZ1
3	65714396	+	LAMA4
17	1016997	-	NRARP
9	15424639	+	B3GNT7
15	6963505	+	
22	5263904	-	GNLY
3	107635335	+	
14	3801415	-	GNA12
21	2122345	+	SSU72
5	12667360	-	TPH1
22	5279496	-	AEBP1
1	106223709	-	MIS18A
14	3812075	-	
9	15437975	-	NCL
1	44009033	-	KERA
3	107716219	+	
5	12687270	-	SAAL1
3	17799623	-	CAPN2
1	44009051	-	KERA
1	106287385	-	URB1
15	6988195	-	FOXN4
1	44008955	-	KERA
21	2146691	+	TMEM240
3	107765977	+	
13	5432145	+	PANK3
4	34748287	-	DCTN6
21	2147593	+	TMEM240
5	12694704	-	
8	26991410	+	HOOK1
5	35941789	-	EGLN3
22	5281520	+	CAPG
26	3099869	+	CAMK1G
1	44031180	-	LUM
5	12688483	-	
9	15446163	-	NMUR1
3	107808978	+	
22	5291252	-	
17	1265985	+	NOXA1
5	36116717	-	SPTSSA
5	12712111	-	HPS5
26	3102613	+	CAMK1G
3	65815544	+	
8	3896277	-	RO60
8	27022914	-	
26	3106371	+	CAMK1G
2	98579637	-	TWSG1
3	17803816	+	CAPN8
3	65815553	+	
9	15480961	+	
2	44772953	+	PDCD6IP
15	7006773	+	MYO1H
4	34919149	-	
24	3127754	+	BSX
3	108216114	+	
4	66585461	+	CNGA1
8	27032368	-	CYP2J23
26	3135255	-	LAMB3
24	3149845	-	JHY
21	2190706	-	VWA1
5	36125843	-	EAPP
4	1850149	-	
4	66591368	+	NFXL1
21	2209802	-	TMEM88B
18	6621921	+	ATAD5
15	7041287	-	KCTD10
9	15525201	-	PDE6D
3	65815585	+	
7	16965001	+	OLA1
4	66638161	+	CORIN
21	2214476	+	MRPL20
1	106348250	-	C1H21ORF59
8	27040167	-	CYP2J22
26	3140579	+	G0S2
2	146065241	-	SLC45A4
3	65829955	-	
3	108246601	-	TFAP2B
18	6639244	+	ADAP2
2	98602179	-	
1	106410917	-	SYNJ1
14	3870023	-	CARD11
17	1289568	-	ENTPD8
25	3679212	+	GOLPH3L
3	65837554	-	
26	3145905	+	
9	15525421	+	COPS7B
5	12716288	+	GTF2H1
20	715964	-	
4	1858865	-	SHROOM4
9	15549421	-	NPPC
8	3899466	+	UCHL5
2	98625150	-	
15	7042382	+	UBE3B
24	3163767	-	CRTAM
15	7068108	-	MMAB
26	3151328	+	
1	44202174	-	DCN
25	3682741	+	ENSA
24	3221633	-	UBASH3B
2	45701178	+	STAC
2	146256664	-	PTP4A3
4	1860090	+	BMP15
17	1290696	+	
6	8685139	-	NRBF2
2	98662638	-	NDUFV2
3	17901888	+	SUSD4
6	8758662	+	EGR2
17	1303603	-	
1	44089822	-	DCN
15	7068522	+	MVK
8	3958244	-	RGS2
2	146753512	-	
15	7119922	+	FAM222A
4	66813979	+	COMMD8
3	17958137	+	TLR5
4	34947965	+	CNOT6L
32	107615	-	
2	45935972	-	TRANK1
32	108482	-	MRPS12
8	3991983	-	RGS13
1	44433309	-	BTG1
5	36150075	-	SNX32
32	122222	+	PAK4
2	3966061	+	
1	44616111	+	PLEKHG7
32	129691	-	SYCN
5	12754029	+	LDHA
4	34967121	+	
8	4003821	-	RGS1
32	133858	-	LRFN1
17	1312877	+	NDOR1
32	136980	+	SAMD4B
2	98794084	-	
3	108317357	-	TFAP2D
4	34985067	-	CXCL13
18	6650286	+	RHOT1
3	66029757	+	
8	4033033	-	RGS21
17	1313401	-	TMEM203
7	17339738	-	
2	98840146	-	
4	34986964	-	CXCL13L2
21	2215995	+	CCNL2
1	106440775	-	PAXBP1
16	2178726	-	
17	1329415	+	RNF224
16	2177707	-	
16	2176651	-	
2	45962364	+	MLH1
18	6678071	+	RHBDL3
8	4046218	-	RGS18
2	98897282	-	RAB12
17	1340745	-	RNF208
3	108738166	+	CRISP2
17	1361966	+	
1	106445360	-	C21orf62
15	7143997	-	GLTP
2	147377617	-	TSNARE1
4	66941011	+	GABRA4
1	106522741	+	OLIG2
2	147397126	-	TSNARE1
4	34988815	-	CXCL13L3
2	4046080	-	KIF9
5	36176185	-	CFL2
5	12774385	-	TSG101
3	108759943	+	RHAG
9	15724063	+	
18	6731088	-	C17orf75
13	5503846	-	RARS
16	2270434	-	PPP1R10
4	67066083	+	GABRA2
4	1879807	+	
Z	36854753	+	OSTF1
4	67151128	+	GABRG1
9	15733606	-	ECEL1
8	4066661	+	RGS4
4	35018533	-	CCNG2
19	853634	-	ABHD11
3	66212328	-	MFSD4B
21	2230310	+	
19	857200	-	CLDN3
9	15748501	-	
8	4079961	-	RGS5
8	27073615	-	
25	3705829	-	
19	859638	+	
9	15752655	+	PRSS56
19	869249	-	METTL27
7	17583383	-	RAPGEF4
22	5310476	+	
5	36199758	-	
2	46001437	-	STARD3NL
26	3177722	+	GUCA1B
5	12786050	-	UEVLD
14	3925849	+	SDK1
4	35040286	-	PIGY
9	15755236	+	CHRND
Z	37348214	-	
8	4086151	-	
2	46000929	-	STARD3NL
3	66280609	-	SLC16A10
2	46094828	-	EPDR1
5	36205340	-	
4	1889130	+	RPS4Y1
21	2238517	+	AURKAIP1
Z	37363154	+	GCNT1
1	44891392	-	UBE2N
9	15759299	+	CHRNG
4	1898775	-	RBM41
4	35039990	-	PYURF
5	12803475	-	SPTY2D1
2	46095977	+	SFRP4
5	36218028	-	
3	108783014	+	CYP2AC2
26	3189219	-	GUCA1A
5	12827688	+	TMEM86A
13	5566202	-	WWC1
16	2272154	+	
4	35047642	+	HERC3
21	2239246	+	AURKAIP1
3	66313307	-	RPF2
22	5319574	-	CASP14
5	36286597	-	
8	4097967	+	
4	1904953	-	NUP62
2	46137481	-	NME8
32	145809	-	PAF1
1	106580169	+	IFNAR2
5	36286791	+	SRP54
16	2276258	+	
6	9166926	-	
21	2239266	+	AURKAIP1
10	1671681	+	CSNK1G1
8	4099583	+	ATF6
2	46178881	-	
17	1396917	-	GRIN1
2	46178848	-	
32	146040	+	
21	2239267	+	AURKAIP1
26	3216013	-	WDR77
14	4288119	+	CYP3A4
3	18103577	-	BROX
1	155810119	+	FBXL3
8	4181579	-	OLFML2B
4	35205619	-	FAM13A
4	67593017	+	GNPDA2
3	108799691	-	CENPQ
3	66318181	-	GTF3C6
3	18102395	-	BROX
2	46214555	-	GPR141
4	1905214	+	DNAAF6
6	9221188	+	TMEM26
1	155841295	-	CLN5
3	18102424	-	BROX
26	3215547	+	ATP5PB
5	36303273	+	FAM177A1
1	44901269	+	MRPL42
4	35247760	-	GPRIN3
22	5327645	-	RETSAT
26	3226298	-	ADORA3
2	148001344	-	ARC
3	66352648	-	AMD1
3	108799743	+	MMUT
5	36329700	-	PPP2R3C
14	4332386	-	CYP3A5
1	155847003	+	GATD3AL1
2	148270497	+	PSCA
17	1403983	+	
26	3235315	+	
3	108825651	-	OPN5L2
32	157750	+	TIMM50
6	9336702	+	RHOBTB1
26	3277876	-	INKA2
2	148295238	+	
5	12965653	-	PTPN5
32	178234	-	SLC8A2
6	9340274	+	RHOBTB1
10	1674080	+	CSNK1G1
5	12964662	-	PTPN5
14	4353687	+	FOXK1
32	174553	+	
2	148320313	-	
1	44934717	+	CRADD
4	35436997	-	SNCA
10	1674082	+	CSNK1G1
6	9363385	+	RHOBTB1
2	99496893	-	
5	12964943	-	PTPN5
24	3606579	-	
4	35436820	-	SNCA
1	106593970	+	IL10RB
32	189326	-	KPTN
4	67617621	-	GUF1
3	18103701	+	AIDA
10	1701500	+	CSNK1G1
4	35436759	-	SNCA
5	36329806	+	
26	3285259	+	DDX20
1	44935015	+	CRADD
1	67126380	+	LRMP
2	148344678	-	LY6E
4	35458424	+	MMRN1
8	4193131	-	HSD17B7
1	44935218	+	CRADD
2	148360892	-	
24	3740700	-	GRIK4
20	1019444	-	
32	195670	-	NAPA
3	108846159	+	CDC5L
2	46322705	+	ELMO1
8	4199382	-	DDR2
2	148371835	-	
2	148379359	-	
4	1971968	+	
5	36370614	+	PSMA6
10	1762469	+	PPIB
14	4404816	+	AP5Z1
22	5334110	+	ADRA2B
1	155891997	+	
4	67606393	+	YIPF7
3	18155431	-	MIA3
1	155899968	+	KCTD12
8	4207433	-	UAP1
4	67689273	+	KCTD8
22	5339097	+	GPAT2
10	1765497	-	SNX22
9	15824636	-	CYP2AB5
5	36406967	-	NFKBIA
5	36441027	+	INSM2
7	17709260	-	PDK1
2	4072545	+	CATHL3
32	208994	+	TGFB1
4	68086837	-	GRXCR1
4	1985097	+	TMSB15B
26	3495149	+	WNT2B
3	18158312	+	TAF1A
4	1990214	+	RAB9B
9	15834117	-	CYP2AB3
10	1776678	-	SNX1
4	1991348	+	RAB9B
22	5348434	-	FAHD2A
2	4076222	-	CATHL2
8	4251652	-	
4	36402394	+	
10	1784620	-	PATL2
1	45188550	-	CEP83
24	3816688	-	TMEM136
6	9417895	-	CDK1
22	5457397	-	
8	4268836	-	TMEM121
6	9417793	-	CDK1
3	18172150	+	HHIPL2
8	4368453	-	TEDC1
19	963194	+	LIMK1
2	46604093	+	AOAH
24	3820521	-	TMEM136-1
9	15842611	-	CYP2AB2
32	229101	+	EHD2
19	979982	+	
24	3859717	-	POU2F3
2	148431659	+	RHPN1
2	4077571	-	CATHB1
4	36748697	+	GRID2
1	106613562	+	IFNAR1
Z	31487	-	
26	3533199	-	ST7L
4	2003292	-	PLP1
10	1784065	+	B2M
3	18423363	+	DUSP10
4	2009676	+	
2	148654580	-	MAFA
20	1064762	-	
Z	137423	-	
3	18698897	-	HLX
8	4375045	-	CRIP1
Z	37613636	+	VPS13A
25	3737049	-	PRPF3
20	1063406	-	ROMO1
24	3873263	-	OAF
8	4390638	-	CRIP2
19	999886	-	SBDS
32	239381	+	NOP53
24	3898255	+	TRIM29
14	4445512	-	MMD2
Z	334119	+	ATP8B1
2	46711259	+	KIAA0895
20	1063972	-	ROMO1
4	2019981	+	GLA
25	3739244	-	PRPF3
3	18732704	-	MARC1
2	4080170	-	CATHL1
2	99519352	+	LAMA1
1	106645075	+	IFNGR2
2	46798842	-	EEPD1
Z	37726001	-	
3	18734608	+	PFN3
10	1793271	-	RPS17
26	3533312	+	CAPZA1
32	246753	-	
4	37139447	+	SMARCAD1
32	247282	+	SELENOW
3	18743264	-	C1orf115
9	15845591	+	CYP2AB1
4	68247053	-	SHISA3
Z	37750538	-	
1	45273005	+	SNAPC3
25	3742749	-	MRPS21
15	7176576	+	ANKRD13A
25	3744406	-	
2	148813559	-	ZC3H3
3	66560138	+	DDO
32	249821	+	
10	1820488	-	CPEB1
1	106665913	-	TMEM50B
24	4202427	+	THY1
9	15863643	-	CAPN10
Z	37913443	-	GNAQ
1	45346941	-	NDUFA12
1	67181904	-	DNAI7
32	255198	+	OTX5
1	106669729	-	DNAJC28
3	66578513	+	METTL24
5	13256269	+	
9	15880630	-	RNPEPL1
1	106669018	-	DNAJC28
15	7198456	-	
4	37196421	-	HPGDS
3	109295891	+	RUNX2
Z	37947914	+	CEP78
2	99633155	-	ARHGAP28
4	68355417	-	SLC30A9
19	1444843	-	GALNT17
4	37196424	-	HPGDS
15	7190553	-	
24	4209130	+	USP2
16	2296187	+	
20	1079706	+	CPNE1
32	270998	-	
14	4448200	+	WIPI2
17	1798640	-	
21	2277331	+	DVL1
2	99983445	+	
24	4223242	+	C1QTNF5
Z	37974730	+	PSAT1
20	1079716	+	RBM12
1	67181939	+	ETFRF1
2	99984351	+	
4	2028580	+	BTK
32	271162	+	
24	4234489	-	RNF26
3	66666402	-	CDC40
2	100018727	-	
14	4479913	+	SLC29A4
26	3556444	-	RHOC
3	109694867	+	ENPP4
1	67181944	+	ETFRF1
Z	380895	+	FECH
17	1807509	+	POLE3
Z	38482984	+	TLE4
14	4494276	-	
32	287424	-	
1	67182415	+	ETFRF1
4	68375086	-	TMEM33
3	66714941	+	WASF1
Z	424419	-	ONECUT2
Z	39045551	-	
3	109695849	+	ENPP4
32	295506	-	HNRNPUL1
26	3564832	-	PPM1J
1	156417286	-	UCHL3
2	148842604	+	
Z	39116503	-	
4	2039702	+	TIMM8A
3	66766028	-	GPR6
10	1830950	-	AP3B2
4	68374380	-	TMEM33
Z	439882	-	ST8SIA3Z
17	1811462	+	ALAD
1	106676341	+	
32	309584	-	
4	2045101	-	
8	27396999	+	NFIA
32	313288	-	
4	68438642	+	PHOX2B
10	1849186	-	
32	315108	+	
17	1828716	-	BSPRY
14	4569107	-	FBXL18
3	109696336	+	ENPP4
Z	39265774	-	TLE1
3	109777458	-	RCAN2
1	156436746	+	COMMD6
32	325338	+	AKT2
16	2458853	-	TRIM7.2
1	156436750	+	COMMD6
1	67533838	+	RASSF8
16	2467480	-	
16	2362187	-	
26	3626345	-	SLC16A1
19	2690575	+	GATSL2
1	67590637	-	BHLHE41
21	2344913	+	INTS11
24	4240693	+	MCAM
26	3637430	+	LRIG2
7	17833099	+	DLX2
9	15926748	+	EIF2B5
20	1184661	+	
1	67612113	+	SSPN
2	47177036	+	TBX20
16	2367597	+	IL4I1
21	2357793	-	
17	1828842	+	WDR31
14	4577556	-	ACTB
16	2472652	+	IL4I1
4	68466601	-	
3	18846742	+	RAB3GAP2
2	148862408	-	NAPRT
4	68468029	-	
7	17841101	-	DLX1
16	2384324	-	
2	148863971	-	
14	4576868	-	ACTB
19	2799813	-	RCC1L
4	68515621	-	
32	383971	-	SMARCA4
17	1844590	-	PRPF4
3	109817660	-	CYP39A1
21	2382647	-	PUSL1
14	4589041	+	FSCN1
4	68562896	-	
Z	593051	+	
4	2044717	+	TAF7
32	390577	+	
17	1844729	+	CDC26
32	409176	+	
24	4287074	-	CBL
8	4531000	+	SEC22B
4	2045168	+	TAF7
2	47378660	-	NPSR1
32	414008	+	
4	2045173	+	TAF7
32	420425	-	
21	2384332	+	ACAP3
4	2050685	+	
24	4290144	+	
4	68647699	-	UCHL1
32	436902	-	
1	45469802	-	FGD6
3	109810522	+	
24	4296313	-	PDZD3
20	1250159	-	CEP250
2	4138557	+	
3	66860920	+	
3	109820943	+	
4	2068479	-	DRP2
1	106728336	-	GART
32	436093	+	SAE1
1	106732248	-	GART
2	100241333	+	ZBTB14
Z	612902	+	
24	4297156	+	
20	1255929	+	GDF5
5	36563104	+	BRMS1L
24	4310313	-	ABCG4
3	66908757	+	
2	47608491	-	BMPER
2	100257486	+	AKAIN1
1	67946668	+	
10	2022414	+	SENP8
32	452461	+	
32	463888	+	
Z	39979880	+	IDNK
3	66916714	+	ZBTB24
1	67982231	-	INTS13
32	466808	+	
32	478107	+	
20	1275553	+	UQCC1
3	66916907	+	ZBTB24
20	1334803	+	FAM83C
1	106741761	+	
24	4320043	-	HINFP
1	157456502	-	KLF5
15	7280820	+	CRYBB3
8	27667196	-	TM2D1
25	3746136	+	
32	513303	-	FBXO46
26	3730042	-	PHTF1
2	148883622	+	TIGD5
3	66931886	+	PPIL6
26	3746581	-	RSBN1
2	100663769	+	DLGAP1
2	148890498	-	PYCR3
24	4342070	-	
1	67983476	+	FGFR1OP2
4	68787880	+	
32	523649	-	
5	36743180	-	MBIP
20	1359815	+	EIF6
4	68788224	+	
2	4416749	+	
32	527406	+	OPA3
32	535569	-	
1	45566403	+	METAP2
32	541274	+	
5	36842654	-	NKX2-1
4	37653712	+	ETNPPL
3	109844348	-	PLA2G7
32	549342	+	FOSB
24	4355489	-	POU2AF1
1	45597222	-	USP44
1	45665253	-	NTN4
5	36886207	-	NKX2-8
32	573855	-	HIF3A
24	4373115	-	TTC36
8	4626888	+	REG4
3	109841102	+	IMP3
4	68825528	-	NSUN7
1	157591877	+	DIS3
13	7436881	-	MAT2B
32	574343	+	SNRPD2
15	7284658	+	CRYBB2
4	68865637	+	RBM47
26	3760199	-	PTPN22
1	45696332	+	SNRPF
25	3860483	+	CRP
5	36928525	+	PAX9
13	7452170	-	HMMR
9	15974028	+	AP2M1
21	2470192	+	UBE2J2
32	592586	-	
4	37706942	-	OSTC
21	2470579	+	UBE2J2
26	3763313	-	BCL2L15
25	3862075	+	
5	13345327	+	PHLDA2
1	45700558	+	AMDHD1
3	109852186	-	TAS2R7
4	37707117	-	OSTC
20	1432543	-	MAP1LC3A
13	7452382	+	NUDCD2
5	13396672	-	SLC22A18
25	3863683	+	DUSP23
Z	631499	-	
3	109861619	+	MEP1A
2	100872937	-	
4	37711694	-	RPL34
26	3770521	-	AP4B1
2	100872387	-	
32	604736	+	
21	2480437	+	C1QTNF12
5	37178495	-	SLC25A21
1	68015655	-	TM7SF3
25	3867659	+	IGSF9
4	2094566	-	CENPI
Z	807123	-	ALPK2
2	148896528	-	TSTA3
9	15997173	+	ABCF3
2	100872295	-	
16	2404886	+	
8	27824970	-	KANK4
4	69004434	-	RHOH
1	68015987	-	TM7SF3
26	3770506	-	
20	1441694	-	DYNLRB1
2	148901276	-	
25	3881435	+	TAGLN2
4	2095918	-	CENPI
9	16005972	+	
2	148904926	-	
1	68016636	+	MED21
19	2822816	-	
20	1455590	-	
9	16011685	-	
32	643551	+	
2	148907992	-	
4	2101283	-	TMEM35A
18	6787645	-	ERN1
13	7462872	-	CCNG1
9	16013530	+	
26	3777501	+	HIPK1
13	7462658	-	CCNG1
4	69037417	-	
20	1496155	-	ITCH
25	3891408	+	CFAP45
2	100889848	-	MYL12A
19	2821793	-	
21	2535880	+	SDF4
32	661537	-	ARHGAP35
15	7293042	+	GRK3
2	148916500	-	
2	148921426	-	
9	16015920	+	
32	670746	+	AP2S1
18	6805476	-	TEX2
2	148924829	-	
32	676309	+	
2	148927532	+	
2	148930620	+	
2	148935161	+	
19	2824405	-	
16	2445718	-	BLEC3
25	3902218	+	CFAP126
21	2550327	+	TNFRSF4
24	4426923	-	
26	3801282	+	OLFML3
9	16019603	+	
4	69050522	-	
2	148938247	+	
4	2109268	-	TRMT2B
25	3911799	-	SDHC
4	37955430	-	HADH
4	2112286	-	
18	6867521	-	PECAM1
13	7849986	-	GABRG2
26	3837071	-	SYT6
2	148941962	+	
19	2858407	-	
16	2446991	+	ZNF692
32	689685	+	SHKBP1
20	1530286	+	AHCY
1	45722870	-	HAL
2	148945676	+	
4	37969284	-	CYP2U1
25	3913006	+	MPZ
16	2456216	-	
26	3869273	-	TRIM33
1	45722994	-	HAL
9	16024265	-	ALG3
2	47957624	-	FKBP9
21	2563494	+	TNFRSF18
15	7338309	+	MYO18B
5	37382222	-	FOXA1
2	148949834	+	
16	2463090	+	
Z	899117	+	SEC11C
21	2563556	+	TNFRSF18
25	3924165	-	PCP4L1
5	37418642	+	
4	2116619	+	DKC1
9	16024419	+	EEF1AKMT4
2	47971867	+	
32	710573	+	
2	148964049	+	
5	13772652	+	TRPM5
9	16031632	-	CAMK2N2
16	2467571	-	BZFP1
32	723648	-	
24	4441513	-	UBE4A
26	3872586	-	BCAS2
9	16038155	-	
19	2901742	-	GTF2IRD1
2	148969073	+	
15	7396827	+	SEZ6L
1	10061	-	
2	47993015	-	
1	9659	-	
2	148974003	+	
5	13814540	-	TSSC4
4	38004496	-	SGMS2
21	2579572	-	
5	13814530	-	TSSC4
2	47997352	+	KBTBD2
1	45740752	-	LTA4H
15	7425953	+	ASPHD2
24	4447599	-	
2	148977797	+	
3	67064538	-	CEP57L1
4	38004093	-	SGMS2
16	2491638	-	TRIM7.1
6	9774397	+	CCDC6
4	38007439	-	SGMS2
2	48053287	-	AVL9
5	13814539	-	TSSC4
26	3887081	-	DENND2C
25	3929942	-	TOMM40L
3	67074362	-	CEP57L1
15	7445818	-	HPS4
17	1925313	-	LRSAM1
2	148981567	+	
24	4446438	+	
5	13814509	-	TSSC4
1	45781188	+	ELK3
25	3931614	+	
16	2494263	-	HEP21
10	2069223	-	
4	69081052	+	PDS5A
2	148984644	+	
1	27209	+	
20	1574957	-	ASIP
2	48055794	+	LSM5
1	106802184	-	CRYZL1
2	148988592	+	
15	7445260	+	SRRD
4	38039481	+	PAPSS1
13	7954896	-	GABRA1
8	4641234	+	
20	1596889	-	ASIP
3	18892413	+	BPNT1
26	3902220	-	AMPD1
2	148996716	+	
1	31439	+	
25	3943487	+	PPOX
1	157641512	+	MZT1
13	7955961	-	GABRA1
5	13843461	-	CD81
1	42408	-	
13	7954689	-	GABRA1
2	149009262	+	
3	18911773	+	BPNT1
6	9839922	+	SLC16A9
10	2084851	-	HEXA
2	149023624	+	
24	4489763	+	HTR3A
25	3945563	+	
3	18912040	+	BPNT1
18	6885109	-	POLG2
26	3912495	-	N-RAS
6	9840541	+	SLC16A9
Z	40087531	-	C9orf64
9	16044675	+	PSMD2
5	13867499	-	TSPAN32
24	4569876	-	ZBTB32
8	4645426	+	
5	13869949	+	ASCL2
14	4661676	+	
25	3955011	-	B4GALT3
6	9844273	+	SLC16A9
2	4666085	+	VILL
10	2092692	+	ARIH1
4	38290995	+	
4	38390650	+	GIMD1
6	9844365	+	SLC16A9
20	1668652	+	EIF2S2
7	17914041	-	HAT1
6	9874825	+	
16	2514505	-	TRIM39.1
5	37561121	+	SSTR1
2	149149986	-	SCRT1
16	2518556	-	TRIM27.1
2	149260959	+	
17	1924726	+	RPL12
25	3955647	+	
1	71633	-	DHRS4
5	37799068	-	SEC23A
Z	923007	-	RAX
6	9941677	+	BKJ
16	2520198	+	TRIM41
Z	40107242	+	RMI1
24	4592248	+	RBM7
13	8025268	-	GABRA6
Z	940652	-	CPLX4
1	75379	+	CARMIL3
25	3965648	-	ADAMTS4
3	110092843	+	OPN5
15	7454301	-	TFIP11
3	110245933	-	PTCHD4
3	110287354	+	
3	110761454	-	
6	9951288	-	RNASE6
2	48443357	-	PPP1R17
3	67374494	-	
5	13911444	+	TH
15	7456494	-	TFIP11
24	4595093	+	REXO2
2	48443112	-	PPP1R17
4	69201037	-	UBE2K
6	9959635	-	RNASE6
1	166296	+	
5	13942581	+	INS
17	1931676	+	ZMYND19
Z	40219592	-	SLC28A3
10	2142296	+	BBS4
4	2182464	-	CMC4
18	6892792	-	DDX5
Z	985677	+	ACAA2
6	9959631	-	RSFR
1	45909169	-	CDK17
7	17987030	-	DYNC1I2
4	2182561	-	
1	160901941	+	
Z	1069535	-	LIPG
5	13971786	+	IGF2
1	45898765	-	CDK17
1	197450	-	
7	18018295	-	CYBRD1
8	4674251	-	PRKAB2
1	203838	-	
1	161146747	+	
7	18040268	-	DCAF17
1	161175402	+	
14	4717451	-	KPNA7
17	1953399	-	MRPL41
16	2529817	-	GNB2L1
25	3979618	-	
3	110802840	-	
4	2185735	+	BRCC3
15	7464825	-	TPST2
2	149300056	-	FAM83H
2	48553369	+	NEUROD6
8	4676370	-	PRKAB2
1	161382531	+	
25	3980590	-	
4	69214818	+	SMIM14
4	2199755	-	
2	48575045	+	NEUROD6
1	161568674	+	
3	110830566	+	
2	4751686	+	DLEC1
10	2190828	-	ADPGK
26	3929915	-	CSDE1
13	8067187	+	GABRB2
5	14206180	-	MRPL23
1	161635590	+	
1	162628557	-	
1	45938688	+	
18	6895937	+	CEP95
1	163025759	-	
1	45987976	+	
7	18041029	+	METTL8
2	149342545	-	
26	3935108	-	SIKE1
5	37800072	+	GEMIN2
26	3944966	+	
2	149429827	-	
1	163198688	+	
1	163242674	+	
9	16073264	+	FAM131A
4	2217805	-	OGT
1	163316605	+	
8	27897264	+	ANGPTL3
11	265781	-	
1	163362358	-	
26	3951492	+	
1	163388113	+	
19	2998206	+	RFC2
9	16075993	+	
11	56216	-	
1	106830197	+	ITSN1
15	7469758	+	CRYBA4
11	49222	+	
5	37812677	-	TRAPPC6A
2	4796965	-	ACAA1
Z	1078171	+	RPL17
8	4679231	-	
4	69259518	+	UGDH
5	14237040	-	TNNT3
8	4686254	-	PLPP6
8	4686653	+	FAM78B
11	72924	+	PLA2G15
2	149465143	-	
5	37813407	+	PNN
26	3966988	+	
1	232288	-	
Z	1081001	+	
1	106927541	-	
3	67467464	+	SNX3
1	259506	-	
9	606673	-	ARMC8
4	69289274	-	LIAS
3	18978772	+	SLC30A10
20	2142317	-	CHMP4B
8	4702534	-	PRDX6
1	287167	-	
26	3979543	+	TSHB
2	48868823	-	ITGA9
1	106990188	+	MRPS6
1	291774	+	
19	3016349	-	LAT2
14	4748751	+	ARPC1A
10	2338088	-	
2	149465150	-	PUF60
1	107179121	+	KCNE2
18	6984489	-	KPNA2
14	4749267	+	ARPC1A
1	107189808	+	
2	4866093	-	
1	316814	-	
1	163630680	-	TDRD3
3	67505356	-	NR2E1
26	4005185	-	TSPAN2
1	107201298	-	
7	18183928	-	GORASP2
4	69289315	+	RPL9
4	2257549	-	
8	4701721	+	TADA1
18	6987331	+	C17orf58
2	4892458	+	MYD88
3	19249477	-	LYPLAL1
3	67542264	+	OSTM1
8	28139885	+	ALG6
9	618447	-	DBR1
1	107260854	-	RCAN1
2	4915988	+	OXSR1
10	2634079	+	REC114
13	8559183	+	C1QTNF2
4	69312286	-	KLB
6	9980740	+	CHUK
15	7810799	-	MN1
5	37880025	-	FBXO33
8	4850856	-	FASLG
10	2690100	-	NPTN
4	2263943	-	ITGB1BP2
9	646812	+	
18	7006003	-	
7	18226959	-	GAD1
3	67569468	+	SEC63
9	648810	+	
26	4083104	-	
10	2703139	-	
3	19512091	-	TGFB2
3	67657267	+	
15	7836307	-	PITPNB
7	18255999	-	SP5
14	4766374	+	ARPC1B
9	16096383	-	CHRD
3	67675887	+	
3	19548144	-	RRP15
1	46042534	+	NEDD1
4	38427792	+	TBCK
18	7017611	-	
1	107506665	-	RUNX1
2	5008677	+	
1	359020	+	HCLS1
2	101163136	-	SMCHD1
9	16101153	+	THPO
14	4781135	-	PDAP1
4	69316744	+	RFC1
6	10003715	+	ERLIN1
1	387604	-	NME6
9	692677	-	MSL2
8	28187203	+	EFCAB7
10	2717416	+	
3	19838517	-	SPATA17
11	287645	-	PRMT7
13	8632025	-	FABP6
6	10029590	-	ADAM8
13	8632094	+	PWWP2A
18	7043136	-	
2	5024005	-	
10	2736012	-	C10H15ORF59
9	698705	+	PCCB
4	2283429	-	NONO
2	5037083	-	
14	4781477	+	BUD31
11	287908	-	PRMT7
2	5057115	-	XIRP1
8	4905988	+	PIGC
14	4788773	-	PTCD1
4	69367978	-	
8	28213176	+	PGM1
5	14294088	-	TNNI2
1	107912598	-	SETD4
9	16105780	-	POLR2H
11	287947	+	SLC7A6OS
2	5319910	+	CSRNP1
1	387736	+	RABL2A
7	18440953	-	MYO3B
5	37906784	-	FAM161B
13	8700998	-	TTC1
1	107912724	+	CBR3
5	14309008	-	SYT8
11	310205	-	
13	8730589	-	ADRA1B
19	3214173	-	SPNS2
14	4788949	+	CPSF4
9	16130843	-	EPHB3
1	395011	-	
4	2315620	-	
4	69390246	-	
1	401417	-	ARSA
8	28332890	+	ROR1
11	323201	-	
18	7057756	-	NOL11
14	4797562	-	ATP5J2
2	149566924	-	
8	5081020	-	
4	2318850	-	GJB1
3	19838367	+	GPATCH2
3	68003969	-	C3H6ORF203
5	37907101	+	COQ6
14	4845029	-	
8	28426867	+	CACHD1
19	3279042	-	SPNS3
24	5133510	-	ZPR1
1	68311680	-	CYB5R1
3	68013742	+	CD24
4	69417940	-	KLHL5
1	404958	-	
20	2177137	+	E2F1
18	7071263	-	
8	5087008	-	METTL13
9	798526	-	
2	5347137	+	GORASP1
9	16232354	-	SENP5
3	68113781	-	QRSL1
9	16291385	+	AHSG
8	28520087	+	RAVER2
19	3291933	+	UBE2G1
5	37930631	-	ENTPD5
3	20068343	+	ESRRG
26	4119816	-	DEF6
19	3318358	+	
4	38636529	-	GSTCD
13	8871784	+	IL12B
8	5091070	-	ITPA
1	68314084	+	
20	2183024	+	NECAB3
18	7101589	-	
9	16303131	+	FETUB
5	14310139	+	
4	38659569	-	GSTCD
3	20207627	+	ESRRG
1	46695138	+	SLC25A3
1	68331950	+	
26	4129739	-	ZNF76
13	8904856	+	FBXO38
2	101191007	-	NDC80
24	5139000	+	APOC3
15	7979264	+	HSCB
1	68348032	-	A4GALT
2	49085773	-	TARP
9	892848	+	SLC35G2
4	38673417	+	INTS12
Z	1243251	+	
4	38730384	-	ARHGEF38
3	68147931	-	
2	49062674	-	
2	101191146	+	METTL4
5	14320728	+	CTSD
2	5379083	-	WDR48
14	4915961	+	NATD1
26	4130378	+	RPL10A
24	5141930	-	APOA1
6	10057707	+	ZNF511
18	7133290	+	PSMD12
20	2273668	+	SNTA1
3	68200435	-	
5	14337982	+	IFITM10
2	49243786	-	AMPH
15	7993411	+	CCDC117
1	46718130	+	APAF1
5	14360355	+	DUSP8
14	4924362	+	TMEM11
9	16326596	+	KNG1
13	9011142	-	HTR4
19	3325996	+	ANKFY1
6	10068608	+	
8	28603383	-	JAK1
15	8004755	-	XBP1
19	3356233	-	CYB5D2
5	37954593	-	ALDH6A1
1	719488	-	MAPK8IP2
13	9048898	-	
18	7145327	+	HELZ
6	10071589	-	MTG1
1	728888	+	
8	5106655	-	VAMP4
6	10075308	-	
10	2799274	-	
8	5107267	+	MYOC
13	9071099	-	SLC26A2
18	7230394	-	CACNG1
13	9070348	-	SLC26A2
2	101839411	-	ADCYAP1
6	10081046	-	
10	2802906	-	
1	734964	-	
8	28615900	+	
2	101838546	-	ADCYAP1
9	904537	-	SCLY
18	7272838	-	CACNG4
2	5391945	+	SCN11A
1	813323	+	CALU
13	9083870	-	
16	2560828	-	BLEC2
9	904547	-	SCLY
1	863933	+	
26	4159954	-	SCUBE3
18	7307917	-	CACNG5
13	9089820	-	
14	4960357	+	USP22
9	904822	+	
15	8111255	-	KREMEN1
4	2390550	+	IL2RG
20	2544365	+	EDEM2
9	905561	+	
2	101881311	+	YES1
1	874782	+	
4	2395597	+	
14	5055318	-	TNFRSF13B
5	14822859	-	BRSK1
1	902842	-	
2	101915434	+	YES1
15	8130894	-	SUSD2
10	2835077	-	PPCDC
3	20458579	+	USH2A
16	2562353	+	BLEC1
3	68246858	+	ATG5
5	38034850	+	VSX2
1	47167938	-	ANKS1B
5	38054597	+	
15	8132945	+	SBSPONL
1	943714	-	
1	164502455	+	
11	382806	-	GINS3
2	101949734	-	
26	4178714	+	
1	47238128	-	UHRF1BP1L
1	108001836	+	CHAF1B
15	8146875	-	
5	38077282	-	ABCD4
4	39167827	+	TACR3
10	2840327	-	SCAMP5
2	49377536	-	VPS41
1	108001898	+	CHAF1B
1	68398907	-	ARFGAP3
5	14859903	+	TOLLIP
11	406400	-	CCDC113
1	164780848	-	
18	7428179	-	PRKCA
2	101950850	-	
4	69506742	+	TLR1B
1	108002141	+	CHAF1B
21	2806116	+	HES4
3	20854141	-	KCTD3
3	68445504	-	PRDM1
13	9152907	-	
6	10104168	+	
10	2843523	+	RPP25
21	2851243	+	
4	2419444	+	SNX12
1	108043265	-	CLDN14
3	68372861	-	PRDM1
5	38084164	+	VRTN
2	49661337	+	
21	2868762	-	PLEKHN1
3	68372499	-	PRDM1
2	101965088	-	CLUL1
5	38106584	-	SYNDIG1L
10	2848816	+	COX5A
8	28669447	+	LEPROT
2	49681191	-	
5	14898052	-	
4	69506847	+	TLR1B
21	2880012	-	KLHL17
3	21009685	-	KCNK2
15	8148876	+	GSC2
4	69506851	+	TLR1B
6	10115635	+	RNLS
10	2852499	+	FAM219B
7	18537738	-	
24	5233708	+	
18	7441139	+	APOH
1	1045168	+	
1	108142878	+	SIM2
5	14930919	-	
1	47242444	+	ACTR6
1	1102807	-	ARF5
15	8150942	+	ESS2
21	2886877	+	NOC2L
1	166920965	-	OLFM4
5	15006369	-	
4	2437020	+	
1	108342302	-	HLCS
11	407113	+	CSNK2A2
10	2858068	-	MPI
5	38133298	-	ISCA2
4	39244685	+	UFSP2
15	8162642	+	DGCR2
6	10280889	-	PTEN
1	1103223	+	GCC1
8	5184770	-	
2	102015734	+	COLEC12
24	5236175	+	TAGLN
26	4271626	-	ANKS1A
1	167019707	+	PCDH8
15	8203883	+	
4	39256632	+	LRP2BP
10	2858214	+	SCAMP2
4	2443073	-	
3	21159219	+	PTPN14
20	2616556	-	MYH7B
11	431054	+	CFAP20
26	4272223	+	TAF11
14	5127339	-	PLD6
8	5199230	-	FMO3
1	1128266	-	DENND6B
26	4303482	-	UHRF1BP1
5	38136479	+	NPC2
9	1130123	+	EFHD1
2	49826641	-	
3	68717965	+	PREP
6	10285644	+	ATAD1
8	28687054	+	LEPR
1	47252693	+	SCYL2
1	1142788	+	PPP6R2
1	167041408	+	LECT1
6	10285694	+	ATAD1
8	5248858	-	PRRX1
4	39304934	-	SNX25
2	49840373	+	RALA
11	431100	+	CFAP20
8	28769250	+	
4	69518863	+	TLR1A
8	5278242	-	GORAB
11	449004	-	MMP15
9	16373062	-	RFC4
6	10312180	-	PAPSS2
26	4310043	-	SNRPC
1	68498513	-	TTLL1
8	5361828	-	NTMT2
10	2876106	-	CPLX3
13	9223501	+	IL17B
1	47293203	+	SLC17A8
14	5138885	-	
9	1161552	+	GIGYF2
6	10355225	-	MINPP1
8	28854640	+	PDE4B
13	9231860	-	PCYOX1L
14	5138649	-	
2	49942846	+	
9	1185021	-	KCNJ13
21	2982448	-	SAMD11
26	4311807	+	C26H6orf106
9	1225609	+	C9H2ORF82
13	9243003	-	GRPEL2
7	18572441	-	
3	21297310	-	SMYD2
1	68501326	+	BIK
2	49973072	-	MPLKIP
4	2447051	+	
1	68509555	+	BIK
11	453745	-	USB1
1	47342861	+	NR1H4
1	167080491	-	SUGT1
4	2448781	+	
3	21297207	-	SMYD2
1	68520677	-	MCAT
11	456154	+	ZNF319
Z	1722319	+	SKOR2
20	2694181	-	SOGA1
8	5375820	+	KIFAP3
5	15112067	-	
10	2885383	-	CSK
9	16473512	-	B3GNT5
11	465776	+	
8	28885345	+	SGIP1
5	15181305	-	
8	28927259	-	
8	28929663	-	
3	21421817	-	PROX1
1	47377777	+	GAS2L3
2	49975310	+	SUGCT
4	39358582	-	SLC25A4
4	2530889	-	DLG3
1	47399008	+	
9	16528504	+	LAMP3
Z	1754077	+	IER3IP1
7	18572975	+	METTL5
1	167169083	-	ELF1
14	5153495	-	COPS3
2	50584960	-	INHBA
Z	1757627	+	HDHD2
15	8242752	-	VPS29L
10	2896916	-	CYP1A2
4	39398238	-	HELT
2	50587618	-	INHBA
18	7613207	+	AXIN2
15	8244220	-	VPREB3
1	68523291	+	TSPO
8	5441379	+	SCYL3
Z	1782160	-	KATNAL2
1	1281583	+	MIOX
15	8255372	-	CHCHD10
8	5470362	-	C1orf112
2	102165595	-	USP14
14	5153919	+	NT5M
15	8274524	+	MMP11
1	1291147	-	LMF2
5	38234041	-	AREL1
5	15268800	+	MUC6
24	5274470	-	BACE1
14	5177870	+	MED9
10	2898903	+	CYP1A1
1	108421241	-	VPS26C
9	16547508	+	MCCC1
8	5470226	+	METTL18
1	1291724	+	NCAPH2
5	15301083	+	
14	5185545	-	RASD1
1	167168760	+	WBP4
15	8282835	+	SMARCB1
Z	1785332	+	PIAS2
1	68552590	-	TTLL12
10	2903249	+	EDC3
8	5478090	-	
1	1301690	-	SCO2
21	3157181	-	RERE
8	28975854	-	SLC35D1
4	2539175	-	GDPD2
18	7752309	+	GNA13
26	4369874	-	PACSIN1
14	5228149	-	PEMT
1	1303775	+	IRF5
3	68979504	-	LIN28B
4	69815816	-	PGM2
9	16569414	+	DCUN1D1
8	5495630	+	
26	4376564	+	RPS10
1	108470896	+	DYRK1A
26	4383940	+	NUDT3
4	2708137	+	HTR2C
4	2756469	+	HTR2C
1	1339503	+	SMO
8	28999313	+	IL12RB2
17	2138075	+	
5	38237596	+	FCF1
26	4412508	+	SMIM29
11	522708	-	DRC7
4	69834800	+	RELL1
1	167209012	-	MTRF1
17	2146715	+	
5	38237617	+	FCF1
2	51155283	-	PSMA2
1	167214212	-	MTRF1
13	9371027	-	ADRB2
Z	1821762	+	ST8SIA5
18	7786981	+	ARSG
15	8308323	+	SLC2A11
17	2152517	-	
26	4417360	-	HMGA1
7	18584636	-	SSB
2	51155641	+	MRPL32
13	9468139	+	UBTD2
1	47636250	-	SLC5A8
9	1294733	+	INPP5D
7	18581979	-	SSB
4	69961970	-	NWD2
15	8319427	+	SLC2A11L1
7	18584649	-	SSB
4	69943681	-	NWD2
2	102336920	+	GREB1L
11	523838	+	UMOD
1	167221111	+	
7	18582404	-	SSB
10	2937408	-	CLK3
15	8330780	+	
4	39432686	+	ACSL1
1	1374711	+	AHCYL2
7	18590492	-	KLHL23
17	2166268	+	TOR4A
1	47648410	+	UTP20
9	17026706	-	SOX2
4	70186328	-	DTHD1
18	7809397	+	ARSG
17	2167852	+	TOR4A
7	18595219	-	PHOSPHO2
4	39432739	+	ACSL1
18	7804327	-	SLC16A6
4	2850667	-	IL13RA2
2	102436061	-	ESCO1
13	9525284	+	STK10
8	29041359	+	GADD45A
15	8345049	+	
7	18596458	+	
4	39432741	+	ACSL1
1	167247673	+	
24	5399942	-	DSCAML1
10	2966568	-	ARID3B
9	17241691	+	DNAJC19
8	5540636	+	LMX1A
7	18603505	+	
18	7844274	-	WIPI1
15	8357384	+	
5	38295594	-	
11	548011	-	ADGRG5
4	39471077	+	CENPU
1	167287899	+	RGCC
24	5406721	-	FXYD2
11	549883	+	CCDC102A
15	8375207	+	MIF
3	21881217	-	FLVCR1
15	8375819	+	DDX51
2	102477248	+	MIB1
8	29058530	-	GNG12
11	557131	+	DOK4
6	10457505	+	
8	29062687	-	GNG12
1	1415723	+	SMKR1
26	4562416	-	OPN1MSW
8	29063231	-	GNG12
24	5416185	-	FXYD6
11	569012	-	POLR2C
1	68896951	-	
15	8386812	+	
24	5428328	-	TMPRSS13
1	68920483	-	
4	2904832	+	
26	4573724	+	MLN
15	8386828	+	
6	10502453	-	A1CF
2	102638198	+	GATA6
6	10527301	+	
13	9772644	-	DUSP1
7	18634233	-	PPIG
1	69044829	-	SULT4A1
6	10552439	+	
21	3234528	+	CA6
26	4584396	+	LEMD2
2	102827327	+	RBBP8
21	3253164	-	SLC2A5
17	2235412	+	FAM166A
7	18643643	+	FASTKD1
15	8395951	+	GSTT1
26	4604661	+	IP6K3
1	109131453	+	ETS2
1	69073517	+	PNPLA3
17	2243444	-	TUBB4B
1	109133198	+	ETS2
1	1439043	+	NRF1
26	4615270	+	C26H6ORF125
8	29096474	-	WLS
13	9797415	+	ERGIC1
8	5849103	-	NUF2
7	18671004	-	KLHL41
6	10769461	+	
24	5431090	+	IL10RA
21	3270047	-	GPR157
8	5849184	+	LRRC52
15	8408011	+	DDTL
5	38321286	-	RPS6KL1
1	1440089	+	NRF1
4	71092618	-	
21	3301148	+	H6PD
17	2263808	-	
5	38327945	-	PGF
2	51496702	+	STK17A
13	9856065	+	RPL26L1
8	5849191	+	MGST3
21	3302997	+	H6PD
24	5443038	+	
8	5866421	-	ALDH9A1
21	3327693	+	SPSB1
1	109269904	-	PSMG1
18	7852932	+	PRKAR1A
21	3334701	+	SPSB1
2	102922659	+	CABLES1
1	167622986	+	DGKH
24	5451642	-	SCN4B
6	10918336	+	DKK1
4	71945980	-	
14	5371507	+	DRC3
24	5458260	-	SCN2B
13	9861486	+	ATP6V0E1
18	7853080	+	PRKAR1A
8	5885446	-	TMCO1
21	3403876	+	SLC25A33
4	73127122	-	STIM2
3	69895843	-	
3	70118654	+	
10	2969171	+	UBL7
3	21899750	-	TATDN3
4	39494858	+	CASP3
Z	1971173	+	LOXHD1
2	51589935	+	BLVRA
10	2972011	+	UBL7
24	5471790	-	MPZL3
4	39497495	+	CASP3
4	39498868	+	CASP3
3	70521359	-	GRIK2
14	5392015	-	ATPAF2
2	51608172	+	BLVRA
8	5888634	+	UCK2
3	21899749	+	NSL1
2	51637230	-	
4	39500269	+	CASP3
10	2972037	+	UBL7
15	8525645	+	TBX6
3	21915154	+	BATF3
Z	2082847	-	RNF165
18	7880080	-	FAM20A
26	4677456	+	BAK1
3	70347695	+	
1	1533752	-	UBE2H
2	51667752	+	VOPP1
2	5538868	+	SCN5A
3	70489632	+	
5	38335359	+	EIF2B2
15	8561869	-	CRKL
18	7923210	-	
1	1544020	-	ZC3HC1
4	73186510	-	TBC1D19
3	21967759	-	ATF3
3	21951025	-	ATF3
13	9897119	+	BNIP1
1	69091135	+	SAMM50
1	167840281	+	TNFSF11
16	2571359	-	TAPBP
2	5801847	-	EXOG
2	51778751	-	LANCL2
15	8582523	-	
13	9924100	-	NKX2-5
13	9957394	-	STC2
1	168020290	-	
8	29113515	+	MCCC2L
15	8582952	+	
4	73203371	+	CCKAR
5	38362156	-	ACYP1
26	4710399	+	APOBEC2
6	11168922	-	
1	47775897	+	CNOT4
13	10061282	-	
5	38363416	+	ZC2HC1C
24	5480338	+	CD3E
11	575366	-	COQ9
10	2987868	+	SEMA7A
1	168042111	-	
Z	40746428	+	NAA35
13	10061354	-	
11	585151	+	
15	8592927	+	
1	109332889	-	HMGN1
26	4722373	-	OARD1
7	18690739	-	
Z	40746531	+	NAA35
2	5901800	-	ACVR2B
1	1566838	-	
18	7974012	-	ABCA5
6	11165839	-	
1	47862544	+	
17	2266798	+	NELFB
11	594651	+	GFOD2
6	11169050	-	
1	69116160	+	PARVB
3	70672876	+	ASCC3
8	5934325	-	CENPL
1	47900521	-	STRA8
14	5401997	+	DRG2
7	18709224	-	
14	5415182	+	
10	3014290	+	CYP11A1
3	70959454	+	SIM1
8	5934400	+	DARS2
20	3661843	-	SLC32A1
14	5433229	+	
24	5489870	-	CD3D
Z	40804385	-	GOLM1
1	1580853	-	TMEM209
8	29130623	-	RPE65
3	71272212	+	
14	5436664	+	ALKBH5
3	71392382	-	PRDM13
6	11206356	+	MYPN
5	38412344	-	TMED10
9	17278068	-	FXR1
Z	40839365	-	ISCA1
14	5455111	+	LLGL1
11	614453	-	PARD6A
6	11255998	-	ATOH7
9	1387811	+	DGKD
8	5960767	+	RGS8
1	109354590	-	LCA5L
5	38430793	+	FOS
26	4722844	+	NFYA
13	10514513	+	MSX2
3	71405148	+	CCNC
1	47904971	+	WDR91
4	39675355	-	STOX2
1	109359681	+	
6	11282106	-	PBLD
16	2572332	+	BLB2
5	38465596	+	JDP2
24	5490620	+	ZW10
1	109397569	+	B3GALT5
1	47927316	-	TMEM140
17	2321683	-	
4	2997857	+	AGTR2
10	3042694	+	STRA6
Z	2151248	+	ATP5A1Z
9	17327769	+	
1	1584921	+	CPA2
8	29143643	-	DEPDC1
8	5981547	+	RGS16
10	3057527	-	ISLR
4	3009336	+	AGTR2
18	7978408	+	MAP2K6
9	1447045	+	PROC
4	3003427	-	
26	4747509	-	TREM-B1
1	109426312	+	IGSF5
16	2580734	-	BRD2
1	47949063	-	AGBL3
5	15355511	+	CHID1
10	3063299	-	ISLR2
3	71428372	-	
9	17334208	+	
1	109506188	+	PCP4
4	3042069	+	
2	52114901	+	SEC61G
18	8145867	+	KCNJ16
5	15355812	+	CHID1
4	73376776	-	SMIM20
24	5502843	-	
1	47976073	-	PDE6H
2	52150477	-	
16	2584405	+	DMA
4	3068330	+	
17	2324755	+	ARRDC1
9	1483201	-	IWS1
15	8627636	-	SMPD4
18	8184812	+	KCNJ2
Z	40942635	-	
16	2586004	+	DMB1
4	3068341	+	
1	1595635	+	CPA5
2	103020626	+	RIOK3
10	3071342	+	STOML1
3	71429787	+	USP45
Z	41073665	-	GAS1
Z	2160803	+	PSTPIP2
2	53001435	-	TPK1
20	3738686	+	ACTR5
1	47987082	+	ARHGDIB
24	5513204	-	ARCN1
1	47989667	+	ARHGDIB
18	8785940	+	SOX9
2	53111982	+	
1	110029599	-	DSCAM
8	5989880	+	RNASEL
1	69176886	+	PARVG
11	623460	+	CETP
10	3076839	+	
1	168498203	+	
2	53465283	-	
5	38505542	+	FLVCR2
14	5475958	-	FLII
1	69176906	+	PARVG
1	110162856	+	BACE2
21	3517432	-	CLSTN1
3	71435337	+	USP45
1	69177474	+	PARVG
Z	2188460	+	
4	39775485	-	TRAPPC11
15	8643118	+	GGT5
1	1600797	+	CPA1
20	3767099	+	PPP1R16B
24	5513391	+	IFT46
1	69354684	-	SHISAL1
8	6002331	-	
19	3462945	+	P2RX1
14	5476096	+	MIEF2
1	110226286	+	FAM3B
1	168511152	+	
2	6255970	-	XYLB
13	10745186	+	SFXN1
20	3812263	+	FAM83D
Z	41291902	+	DAPK1
9	17354004	-	TTC14
9	1494408	+	MYO7B
1	48028649	+	MGP
10	3088213	+	ZP3
13	10756283	+	SFXN1
2	103033379	+	RMC1
1	168510405	-	CCDC122
19	3659524	-	IFT22
7	18736749	+	LRP2
21	3575670	-	CTNNBIP1
26	4761551	-	TREM-B2
18	8969030	+	SSTR2
24	5522180	+	
1	1614380	-	CEP41
Z	2216630	+	
1	48037612	+	OC3
13	10745744	-	DRD1
5	38538859	-	
1	168743234	-	TSC22D1
Z	2265400	-	
16	2592345	+	
1	48045860	+	ART4
1	168818502	-	
9	1520128	+	
2	6264549	+	C9ORF152
Z	2293812	-	
6	11282256	+	HNRNPH3
8	6017367	+	GLUL
24	5543757	+	
1	48050698	+	SMCO3
6	11282647	+	HNRNPH3
1	1614551	+	MEST
1	48057324	+	
8	29355899	-	LRRC40
2	103074569	-	NPC1
9	17491559	+	PEX5L
14	5492755	-	TOP3A
1	48067286	+	H2A-VIII
6	11295363	-	
2	53559937	+	CNTNAP2
24	5565530	-	BTG4
Z	3344026	-	
8	6067736	-	
9	17583458	-	USP13
1	48069616	+	
2	54024826	-	
20	3828357	+	DHX35
7	18852196	-	
9	1557705	-	LIMS2
8	6067674	-	
20	3877247	+	
1	168950766	-	NUFIP1
8	6066350	-	
Z	41419265	+	CTSV
3	22030009	-	NENF
20	4693338	-	MAFB
1	48071763	-	HIST1H2B7
1	1638626	-	COPG2
1	48076796	-	
3	22090451	-	PPP2R5A
1	69701235	+	PRR5
14	5493823	+	SMCR8
26	4904800	+	MDFI
7	18883878	-	DHRS9
Z	3410646	+	SYT4
3	71514528	+	COQ3
1	48079139	-	HIST1H46L2
9	1550574	+	
6	11315071	-	
18	8992851	-	FAM104A
24	5567486	+	
3	71527144	+	FAXC
1	69701523	+	PRR5
1	48086884	-	H2A-VIII
9	1559213	-	
1	69715478	+	PRR5
Z	3471974	+	RIT2
7	18864633	+	ABCB11
18	8993695	+	
9	17588440	-	NDUFB5
1	69736349	+	PRR5
9	1566800	+	SFT2D3
7	18922496	-	G6PC2
1	48087185	+	HIST1H2B8
14	5511652	-	SHMT1
3	71678603	+	FBXL4
2	54231119	+	CUL1
18	8999287	-	
Z	41454584	-	FBP2
14	5509542	+	
10	3093547	+	NEIL1
1	48088780	+	
2	6273813	+	NUB1
9	17588519	+	MRPL47
4	39831534	-	CDKN2AIP
3	71684119	+	FBXL4
4	73376533	+	SEL1L3
4	39875740	+	
20	4862868	+	TOP1
1	48095104	+	HIST1H46
1	168950859	+	GPALPP1
2	6273858	+	NUB1
4	39877600	+	
9	1577792	-	
Z	41469158	-	FBP1
1	48096067	-	
15	8682679	-	
1	48096935	-	HIST2H4B
9	1582884	-	
15	8679857	-	
4	39966929	-	WWC2
2	103119354	+	LAMA3
1	69831525	+	ARHGAP8
1	48101764	-	H2AFJ
2	6311275	-	WDR86
8	29385711	-	
3	22145700	-	DTL
9	17602342	-	ACTL6A
2	54331241	-	EZH2
7	18928191	+	SPC25
1	1679825	+	ANKRD16
3	72435233	+	MMS22L
9	1616432	-	
1	69983708	-	PHF21B
21	3587213	-	LZIC
1	48102060	+	
15	8673710	-	
24	5594291	-	DDX6
8	29401259	-	
6	11330111	-	DNA2
15	8688492	-	
1	48104467	-	HIST1H110
2	6329886	-	CRYGN
24	5594272	-	DDX6
15	8686851	-	
9	1635992	-	POLR2D
1	48116062	+	
21	3587198	-	LZIC
26	4944658	-	
1	168988938	+	GTF2F2
1	48117646	+	
9	17624174	+	GNB4
21	3586122	-	LZIC
8	29405130	+	CTH
15	8693398	+	
9	1647044	-	
4	40002738	+	DCTD
9	17638502	+	GNB4
1	169018944	-	KCTD4
24	5596881	+	CXCR5
1	48121729	-	
9	1653690	-	
21	3587170	-	LZIC
4	73440963	-	SLC34A2
8	29460129	-	PTGER3
1	48123735	-	
21	3588412	+	NMNAT1
1	48130279	-	HIST1H103
2	6363039	-	RHEB
24	5659830	+	CENATAC
21	3596396	+	RBP7
15	8719468	-	SNRPD3
20	4966750	+	
1	48135982	+	
1	169089257	-	TPT1
4	73495834	-	ANAPC4
20	4980108	-	EMILIN3
1	1696185	+	GDI1
24	5665784	-	RPS25
14	5519249	+	PRPSAP2
3	72614745	-	KLHL32
7	19054038	-	CERS6
1	48138991	-	
14	5519252	+	PRPSAP2
15	8719721	+	GUCD1
2	54411534	-	PDIA4
9	17684776	-	MFN1
1	48139799	-	
21	3600704	+	UBE4B
8	29472794	-	ZRANB2
26	4950586	-	PGC
24	5665122	+	TRAPPC4
1	169101305	+	SLC25A30
9	17692375	-	ZNF639
2	54476377	+	RAMP3
19	3475171	+	CAMKK1
1	48140188	+	H2A-VIII
19	3492990	+	CAMKK1
3	72657213	+	NDUFAF4
26	4965400	-	FRS3
3	72720696	+	GPR63
1	48141912	-	
1	169110180	+	COG3
11	668262	+	CPNE2
9	1674567	-	SAP130
Z	4061589	-	PIK3C3
26	4964134	-	FRS3
24	5675589	-	SLC37A4
19	3509445	+	CAMKK1
15	8742998	-	UPB1
5	38684139	-	TGFB3
4	3392323	+	IL13RA1
1	70202950	+	NUP50
26	4965879	+	
1	48151569	+	HIST1H101
15	8783957	-	ADORA2A
6	11439584	+	
1	169146350	-	
1	70203797	+	NUP50
19	3564078	+	DERL2
14	5556709	-	FAM83G
26	4985093	+	TOMM6
11	719090	-	FAM192A
8	29906699	+	FPGT
1	48153627	-	H2A-VIII
1	70205442	+	NUP50
11	719306	+	RSPRY1
9	17719909	-	PIK3CA
1	169183530	+	SPERT
14	5568596	-	GRAPL
5	15870934	-	TSPAN4
4	3425936	+	STK26
8	6182746	-	IER5
Z	5328479	+	
2	54747190	+	ADCY1
1	169254113	-	SIAH3
3	22185167	+	LPGAT1
Z	5408840	+	
1	48153914	+	
7	19191211	-	B3GALT1
5	15869776	-	TSPAN4
3	22185513	+	LPGAT1
5	15862380	-	TSPAN4
Z	6156148	+	
2	103371899	+	IMPACT
1	48159885	-	H2A-VIII
2	54916522	+	IGFBP1
7	19389166	-	
1	70331029	+	UPK3A
19	3568850	+	
8	29915375	+	TNNI3K
Z	6768902	+	
5	15870938	-	TSPAN4
1	169317221	-	ZC3H13
4	3465447	-	FRMD7
15	8958301	-	BCR
5	15870588	-	TSPAN4
1	48160179	+	
24	5691720	-	HYOU1
Z	6770918	+	
4	73506402	-	ZCCHC4
8	6189807	+	STX10
2	103396237	+	
1	70398886	-	SMC1B
26	5026376	-	MED20
19	3578323	+	C1QBP
1	48170081	-	H2A-VIII
2	54947966	-	IGFBP3
1	1752992	+	ASB13
Z	41742224	-	FANCC
4	3480395	-	RAP2C
5	15659986	-	TSPAN4
8	6208758	-	
7	19505895	+	SCN9A
1	169340549	-	CPB2
26	5026434	+	BYSL
5	38769385	+	GPATCH2L
2	54977754	-	
Z	6831508	+	
5	15871249	+	POLR2L
1	1769795	-	CALML3
13	10806496	+	NHP2
7	19540378	-	
5	38769393	+	GPATCH2L
1	48170395	+	HIST1H2B5
19	3584062	-	RPAIN
2	103407604	+	
1	70399298	+	RIBC2
1	48172185	+	HIST1H3H
6	11485483	+	
21	3645371	+	KIF1B
26	5043220	-	CCND3
19	3584186	+	NUP88
3	22263928	+	NEK2
1	48173552	-	
8	6287512	-	XPR1
13	10812064	-	N4BP3
4	73524378	-	PI4K2B
10	3133530	-	SIN3A
Z	7102689	-	KIAA1328
3	22290945	-	
1	48175348	-	
3	22290234	+	SLC30A1
15	8976084	-	RAB36
3	72792152	-	FHL5
2	6578374	+	GALNT11
13	10817473	-	B4GALT7
1	1784158	-	NET1
3	22313882	+	RD3
9	17737306	+	ZMAT3
1	48175636	+	H2A-VIII
1	1843919	-	
8	6289074	+	ACBD6
5	15915623	-	CD151
2	55235133	-	TNS3
8	6366057	-	LHX4
1	48177285	-	HIST1H111R
5	15925428	-	
11	765693	-	PLLP
13	10823089	-	LMAN2
15	8978153	+	RSPH14
10	3142964	-	PTPN9
1	48189928	+	APOLD1
8	29988079	-	CRYZ
3	72808099	-	FHL5
1	1833150	+	TUBAL3
15	9013471	-	GNAZ
2	55312884	-	
4	73527042	+	SEPSECS
Z	7102975	+	TPGS2
11	771897	+	CX3CL1
13	10824827	-	
1	1852908	-	UCN3
8	29988144	+	TYW3
9	17850960	-	
Z	7137256	-	
11	782460	+	CCL17
4	73567819	+	LGI2
18	9097963	+	RPL38
3	72808323	-	FHL5
10	3153415	-	SNUPN
2	55333431	-	
18	9102100	+	TTYH2
26	5080553	-	
10	3153960	+	SNX33
19	3618621	-	RABEP1
11	847606	-	RANBP10
2	55347701	-	
1	48200510	+	DDX47
15	9080058	-	SLC5A1
21	3724856	+	PGD
13	10834101	+	SLC34A1
1	48226520	+	
Z	7165204	-	
3	22380763	-	TRAF5
1	1938922	-	
11	847627	+	
13	10838523	+	
2	55354731	-	
15	9116390	-	YWHAH
1	48250223	-	HEBP1
6	11508509	+	KIF1BP
3	22387324	-	TRAF5
Z	7209340	-	AQP3
5	15987045	-	PNPLA2
21	3735571	+	CENPS
3	22379327	-	TRAF5
5	39074525	+	VASH1
19	3673296	+	COL26A1
6	11524668	+	VPS26A
4	73667513	-	SOD3
10	3212741	+	LINGO1
21	3744957	-	DFFA
5	39103652	+	
1	48259629	-	
8	6455597	-	
18	9124152	-	BTBD17
1	1976735	+	SLC35B4
1	48259585	-	
5	39228381	-	IRF2BPL
18	9127667	+	GPR142
8	6457160	+	TOR1AIP2
5	39278568	+	CIPC
8	6457616	+	TOR1AIP2
8	30056346	+	LHX8
5	39310965	-	ZDHHC22
18	9139173	-	CCDC137
19	3920950	-	MYL10
18	9139537	+	OXLD1
8	6479524	+	
5	39336110	+	TMEM63C
1	2047067	-	LRGUK
8	6488568	-	FAM163A
3	72832528	-	UFL1
3	22414051	-	RCOR3
18	9141163	+	PDE6G
6	11536758	+	SUPV3L1
18	9145603	-	TSPAN10
8	6514705	-	TDRD5
5	39336448	+	TMEM63C
20	5050245	-	GHRH
15	9178623	+	PRR14L
4	73692460	+	DHX15
1	48265083	+	FAM234B
24	5783659	-	ANKK1
13	10860859	+	PRR7
18	9145624	+	NPLOC4
10	3452456	-	HMG20A
8	6516322	+	NPHS2
Z	7304134	+	UBE2R2
1	48299555	-	GSG1
20	5056201	+	MANBAL4
18	9173797	+	
2	104150943	+	TAF4B
6	11554809	+	HKDC1
10	3452730	-	HMG20A
3	73020779	-	FUT9
Z	42151270	-	HSD17B3
3	22428235	+	
1	48327303	+	EMP1
3	72945353	-	FUT9
26	5085044	-	
10	3510449	+	PEAK1
5	39351943	-	NGB
8	6542774	-	
5	15993624	-	RPLP2
5	15993520	-	RPLP2
26	5103540	-	
3	22760407	-	HHAT
1	48670570	-	GRIN2B
5	15995179	+	
14	5631869	-	B9D1
8	6573472	-	SOAT1
3	73186779	-	MANEA
26	5122814	+	BTG2
3	73186345	-	MANEA
19	4027300	+	CUX1
3	22810788	-	SERTAD4
8	6572245	-	SOAT1
21	4071151	+	TARDBP
15	9214453	-	
8	30152808	+	MSH4
10	3562039	+	TSPAN3
26	5139900	-	FMOD
1	71237629	+	PPARA
3	73387254	+	
9	18059871	+	TBL1XR1
26	5152468	+	PRELP
24	5808918	-	
18	9184606	-	FSCN2
16	2609057	-	BF2
15	9214524	+	PISD
9	18096524	+	TBL1XR1
1	169406409	+	
1	71240358	+	PPARA
11	889768	+	NUTF2
5	16016176	+	SLC25A22
1	71240538	+	PPARA
1	48844718	+	ATF7IP
15	9263621	-	SFI1
2	104447089	-	AQP4
3	22906255	-	SYT14
1	71299679	-	CDPF1
1	71308797	-	
11	889883	+	NUTF2
1	2596212	+	CHCHD3
11	890063	+	NUTF2
19	4277219	+	PRKRIP1
Z	42182052	-	ZNF367
8	6629330	-	TOR3A
15	9266258	+	EIF4ENIF1
18	9187889	+	ACTG1
4	41998515	-	
26	5176373	+	OPTC
14	5837019	-	CACNA1H
9	18130385	+	TBL1XR1
1	2887148	+	PLXNA4
1	110276844	-	TMPRSS2
6	11585402	+	HK1
1	48942414	-	PLBD1
1	169458314	-	RUBCNL
26	5176590	+	OPTC
14	5947292	+	
2	6879822	+	
6	11621951	-	TACR2
21	4109012	-	SS2
5	16053125	+	IRF7
3	73911004	+	EPHA7
26	5176814	+	OPTC
14	5989615	+	C1QTNF8
1	71309056	+	
1	110362181	-	RIPK4
20	5093930	-	BLCAP
8	6649915	-	FAM20B
2	7002235	-	
4	3693891	-	HS6ST2
3	74239440	-	
15	9292779	-	DRG1
4	74039010	+	PPARGC1A
18	9208314	-	BAHCC1
14	6025175	-	SSTR5
4	3833252	-	GPC4
19	4302289	-	ALKBH4
Z	7372029	+	IFNW1
4	42211864	+	AGA
4	74397310	-	
14	6149345	-	SOX8
4	42250523	-	NEIL3
2	55554509	-	TRIP13
4	74410064	+	
18	9223570	+	SLC38A10
11	945073	+	NRN1L
Z	7377531	+	IFN-A
14	6156483	+	
15	9331196	+	PIK3IP1
2	55554625	+	
11	949815	+	PSKH1
4	74430815	+	
6	11622065	+	TSPAN15
11	951419	+	PSKH1
18	9255426	-	NDUFAF8
4	42753708	+	GALNTL6
Z	7381503	+	IFN-A
6	11674438	+	
4	3958957	-	GPC3
19	4305068	+	LRWD1
14	6165344	+	
21	4138661	-	EXOSC10
20	5104991	-	DBNDD2
8	30178113	+	SGF29
3	75418427	-	GJA10
11	978830	-	CTRL
Z	7385475	+	
18	9255822	+	TEPSIN
1	49002485	+	TTC26
19	4316601	-	
20	5113651	+	
11	987407	-	EXOC3L1
3	75444696	-	CASP8AP2
26	5290122	+	
8	30178131	+	SGF29
Z	7387284	+	IFN-A
20	5122460	-	SYS1
15	9369255	-	LIMK2
26	5403822	-	
8	30184297	-	
4	3991827	+	PHF6
26	5407518	+	
12	443352	-	
Z	7391261	+	
2	55559010	+	
21	4198915	-	MTOR
26	5427010	-	
1	49060104	+	UBN2
Z	7395233	+	IFN-A
19	4327988	-	UPK3B
11	988177	+	E2F4
2	55608568	+	TPPP
4	4025689	+	HPRT1
5	16084574	-	
3	22963144	-	MRPS10
26	5445256	-	
4	43292715	-	HMGB2
Z	7399231	+	
12	470428	-	
1	71340265	-	
2	55707115	-	
1	110480252	-	ZBTB21
4	43303894	+	SAP30
26	5447786	+	
1	49117492	+	FMC1
1	71342786	+	
12	491088	-	
5	16087221	-	
26	5460479	-	
2	55720265	+	SLC9A3
20	5151439	-	RBPJL
26	5474295	+	
18	9274039	+	
5	16106288	-	RASSF7
12	489071	-	
Z	7401271	+	IFN-A
26	5482241	+	
4	43318910	-	SCRG1
5	16175492	-	LRRC56
20	5154700	-	
2	55800159	+	LRRC14B
21	4174743	+	ANGPTL7
12	492008	-	
20	5162754	+	MATN4
26	5499800	+	
4	43385619	-	HAND2
5	16172352	+	
15	9385682	+	C12orf43
11	1000784	+	ELMO3
20	5178294	+	KCNS1
14	6358204	+	
21	4200628	+	UBIAD1
2	55820349	+	
4	4079067	-	PABIR2
1	49121234	+	LUC7L2
14	6358524	+	
11	1010737	+	TMEM208
1	3836067	-	MKLN1
1	71400743	-	ZC3HAV1
15	9405373	-	HNF1A
12	503969	-	
11	1034057	-	KIAA0895L
14	6375556	+	GNG13
20	5224532	-	STK4
1	4021279	-	
1	169655095	-	ESD
1	49172880	-	GBE
2	105029643	+	
2	7797697	-	PAXIP1
9	18973231	+	
10	3657327	-	RCN2
Z	42278699	-	PRXL2C
26	5522700	+	
1	49172940	-	
2	105465974	+	
1	169654847	-	ESD
11	1041693	-	LCAT
13	10892838	-	DOK3
15	9411863	+	SPPL3
4	4080433	+	FAM122A
2	105581184	-	
Z	42348496	-	
Z	7410282	+	
2	7796809	+	HTR5A
1	169697156	-	HTR2A
1	4059566	+	K123
5	39387371	+	GSTZ1
11	1046844	-	
26	5553823	-	QPRT
Z	42410250	-	
1	71449364	+	ETV6
Z	7414251	+	
20	5224028	+	
2	55933772	+	TGFBR1
21	4227199	+	SLC25A34
1	4061502	+	K123
4	4111721	-	MOSPD1
27	281766	+	FLNA
21	4229868	+	TMEM82
12	514664	+	RRP9
1	110512214	+	
Z	7421956	+	
4	4132552	+	
1	4061522	+	K123
8	6893486	-	RASAL2
27	308916	-	
9	19298207	+	SPATA16
11	1051612	-	
1	4061527	+	K123
21	4234399	+	FBLIM1
Z	42437371	-	CFC1
2	7910368	+	INSIG1
14	6389096	+	RPUSD1
27	1872969	-	
13	10899511	-	DDX41
21	4251057	+	SPEN
1	49183470	+	POLDIP3
4	4178846	-	MMGT1
Z	42489132	+	LRRC2
5	16217236	+	H-RAS
11	1055440	-	
5	39416882	-	TMED8
3	23151326	-	PRPH2
2	7960618	+	EN2
3	75541476	+	LYRM2
5	16218212	+	H-RAS
1	71628882	+	BCL2L14
15	9477076	-	UNC119B
4	43667177	+	CEP44
3	23163024	-	TBCC
1	169985664	-	SUCLA2
4	4178763	+	SLC9A6
Z	42839295	-	
27	1960848	-	
5	16218256	+	H-RAS
Z	7540872	-	DCAF12L2
10	3662745	+	SCAPER
1	49200767	+	RRP7A
1	71631350	+	BCL2L14
5	39416973	+	
1	4094276	-	IL2RA
4	43697040	+	CEP44
5	16240261	+	H-RAS
18	9341627	-	CHMP6
Z	7543736	+	UBAP1
21	4313921	-	ZBTB17
Z	42926929	-	
3	23186938	+	BICRAL
14	6409625	-	MSLN
3	75651254	-	ANKRD6
5	16322745	-	
11	1059251	-	
4	43697068	+	CEP44
21	4317250	-	HSPB7
5	16287306	-	
27	1940333	+	
16	2624745	+	CenpA
4	43698030	+	CEP44
13	10908642	+	
2	106059525	+	DSG1
1	49213282	-	SERHL
11	1063994	-	
2	106086315	+	DSG2
12	641955	+	DUSP7
19	4366910	+	SSC4D
1	110541743	+	
3	75653938	+	RRAGD
16	2626854	+	CYP21A1
Z	43065658	-	
1	4112110	+	RBM17
1	49228299	+	SOCS1L
2	8175880	-	SHH
12	967160	+	RPL29
Z	42994491	+	
16	2660430	+	LTB4R
4	43697009	-	FBXO8
Z	43138485	+	
20	5240125	-	PABPC1L
1	49252184	+	
7	19651459	-	
21	4318060	+	
1	110587792	+	
27	2038836	+	
11	1069128	-	
10	3803610	-	ISL2
19	4382254	+	YWHAG
2	106129430	+	TTR
21	4330758	-	EPHA2
2	8502129	+	RNF32
27	2202592	-	
5	39441320	+	AHSA1
19	4405344	-	HSPB1
21	4334883	-	CPLANE2
19	4404126	+	
4	43785536	-	HPGD
24	6138663	-	PTS
1	110622794	+	ABCG1
27	2214411	-	
16	2664893	-	CD1B
14	6439442	-	HAGHL
4	43924374	-	GLRA3
1	110690949	-	TFF2
19	4430634	-	SRRM3
3	75708979	+	GABRR2
5	39460341	-	
Z	7613662	+	NUDT2
15	9505065	-	CABP1
12	981315	-	TNNC1
27	2250786	-	
1	49408394	+	CYP2D6
9	19410811	+	NCEH1
Z	7613952	+	NUDT2
5	16372300	-	CHKA
19	4442703	-	MDH2
2	56110599	-	
1	110725955	-	TMPRSS3
7	19687128	+	GALNT3
27	2264729	+	
3	75770652	+	GABRR1
1	49418419	+	NDUFA6
2	56110419	-	
5	16419820	-	KMT5B
20	5255558	-	YWHAB
3	75810677	-	PM20D2
Z	7637215	-	
13	10916096	-	PRELID1
1	4157562	+	PFKFB3
19	4442808	+	
20	5256414	-	YWHAB
1	49422753	-	SMDT1
Z	7645535	+	
1	71767227	-	LRP6
1	49426989	-	PHETA2
Z	7656593	-	
8	7106165	-	BRINP2
2	8568953	-	LMBR1
27	2649530	-	
20	5251157	-	YWHAB
2	106140241	+	
Z	43184133	+	SPIN1Z
3	75832053	-	PNRC1
5	39531939	-	SPTLC2
15	9541162	+	POP5
7	19787165	-	CSRNP3
20	5277690	+	RIMS4
3	75832004	+	BORCS6
7	19776887	-	CSRNP3
2	8580570	-	
Z	43184230	+	SPIN1Z
1	71804003	-	MANSC1
8	7112556	+	ASTN1
16	2668557	-	CD1C
2	8600621	+	NOM1
13	10916142	+	RAB24
20	5333829	-	KCNK15
9	19447018	+	TNFSF10
15	9559530	-	RNF10
27	2275923	+	DAD1
21	4379410	+	SZRD1
20	5340103	-	
1	110728999	+	UBASH3A
9	19459647	+	GHSR
5	39564681	-	ALKBH1
20	5346517	-	CCN5
2	8627626	-	MNX1
15	9561338	-	
Z	43185389	+	SPIN1Z
1	71806841	+	BORCS5
1	49428093	+	NAGA
19	4452894	+	TMEM120A
15	9563173	-	
16	2727011	+	FLOT1
1	110765563	-	RSPH1
2	106171103	-	B4GALT6
4	4303444	+	
3	24012394	-	COX7A2L
7	19873003	-	SCN2A
Z	43232988	+	SPIN1Z
1	71904322	-	DUSP16
15	9565829	-	DYL1
14	6448948	-	HAGH
7	19820635	+	
4	4321737	+	BRS3
Z	43280188	+	NXNL2
3	24038420	-	KCNG3
27	2405760	-	
Z	43308780	-	
1	110776509	+	SLC37A1
20	5355077	+	ADA
1	71960834	+	CREBL2
1	4484372	-	
15	9563746	+	
27	2409904	+	
1	110776876	+	SLC37A1
4	4332282	+	HTATSF1
18	9471731	+	NPTX1
20	5382599	-	PKIG
1	71988795	-	GPR19
8	7231728	-	PAPPA2
27	2434884	-	
21	4391515	+	NECAP2
27	2453352	-	
16	2745467	-	TUBB
4	44355142	-	SPATA4
16	2763003	+	PFDN6
16	2795938	-	
1	4616058	-	SFMBT2
4	75821282	+	LCORL
13	10999944	-	ZNF346
6	11938528	+	PLA2G12B
4	4348840	+	VGLL1
14	6449138	+	FAHD1
16	2798256	+	
2	106258773	-	OPN5L1
4	75875898	+	
2	56131629	+	
3	76173595	+	CNR1
13	11003203	+	UIMC1
23	29117	+	
18	9489296	-	ENDOV
1	170009932	-	MED4
27	2562719	-	
4	75879121	+	
6	11973318	-	OIT3
5	39584221	-	SNW1
18	9489310	-	ENDOV
23	69437	-	
27	2604129	-	
18	9489876	-	
14	6456783	-	MEIOB
12	1100520	-	NT5DC2
1	110824235	+	PDE9A
3	24254972	-	HAAO
10	3895585	-	TMEM266
4	4365859	+	CD40LG
1	72102062	+	CDKN1B
14	6502255	-	HS3ST6
3	76233437	-	SPACA1
27	2627677	-	
23	82765	-	
19	4486127	-	POR
20	5395581	+	SERINC3
27	2629021	-	
23	88946	+	
19	4485308	-	POR
23	90792	+	
27	2642060	+	
14	6520157	-	MSRB1
12	1100608	+	SMIM4
3	25094448	-	ZFP36L2
13	11049134	-	UNC5A
27	2656317	+	
1	170036105	+	ITM2B
19	4482508	-	POR
12	1100732	+	SMIM4
20	5411063	-	TTPAL
23	131799	-	
1	110902129	-	WDR4
2	8668167	+	UBE3C
27	2663551	+	
1	72622696	+	MRPS35
4	75928638	+	FAM184B
Z	43564075	-	SHC3
23	140954	-	PIGV
19	4476741	-	POR
6	12061362	-	MCU
27	2669800	+	
4	44391275	-	ASB5
27	2684075	-	
10	3918768	+	NRG4
3	76359719	+	AKIRIN2
13	11059020	-	EIF4E1B
15	9574470	-	
14	6525004	+	
Z	43564225	+	CKS2
4	75970779	-	MED28
19	4494197	-	
1	49454058	-	SEPTIN3
4	44390653	-	ASB5
27	2711982	-	
15	9573063	+	
20	5432951	-	HNF4A
27	2744873	-	
Z	43565405	+	SECISBP2
15	9578666	-	
27	2854261	+	FK21
10	3950138	-	FBXO22
1	72663902	-	MANSC4
27	2892778	+	FK21
15	9578709	+	TRIAP1
19	4495336	+	TAF15
1	72664039	-	MANSC4
2	106346463	+	RNF138
4	44391491	+	SPCS3
13	11072047	+	
27	2897572	+	
1	72671873	+	KLHL42
5	16683896	+	PPP6R3
20	5451704	-	R3HDML
1	4767090	-	ITIH5
27	2911455	-	
15	9583360	-	COX6A1
2	8738366	+	DNAJB6
13	11082223	-	CDHR2
2	56166284	+	TXNL4A
20	5465776	+	FITM2
1	49462031	+	CENPM
9	19674293	+	PLD1
27	2909354	+	FK21
4	75983004	-	LAP3
20	5488850	-	GDAP1L1
2	56166388	+	TXNL4A
1	49476737	+	TNFRSF13C
27	2926711	+	FK27
1	49487070	+	
11	1164536	+	
2	9429088	-	PTPRN2
4	75991373	-	CLRN2
27	2934597	-	
2	106508279	-	GAREM1
20	5492048	+	OSER1
27	2941390	+	
2	56192463	+	SLC66A2
4	44672480	+	MTHFD2L
14	6537182	+	NDUFB10
27	2948887	+	
21	4416368	-	MFAP2
20	5493045	+	OSER1
23	177912	-	
27	2959829	+	FK27
20	5493068	+	OSER1
27	2969476	+	
11	1175976	-	
2	106545790	-	
27	2983135	+	FK21
2	9542249	-	NCAPG2
19	4527737	+	
4	44700356	+	EPGN
10	4055376	+	CHRNB4
15	9655323	+	PLA2G1B
1	4774156	+	ITIH2
27	2987750	+	
2	56341290	-	KCNG2
4	75992057	+	QDPR
9	19725004	+	TNIK
13	11113445	-	FAF2
27	2993158	+	
14	6541961	-	RPS2
15	9666806	+	
19	4537686	-	RASL10B
20	5495759	+	OSER1
4	44723699	+	EREG
2	106637507	-	KLHL14
27	2998496	+	FK21
1	49516278	-	CCDC134
18	9542135	-	SLC26A11
10	4073313	+	CHRNA3
19	4601920	-	AP2B1
1	110926351	+	PKNOX1
27	3002828	+	
20	5503054	+	
4	44741719	+	AREG
20	5509359	+	
5	16811042	-	TESMIN
1	110935017	+	PKNOX1
1	49526710	-	
24	6178293	-	SDHD
3	76418143	-	ORC3
1	110936342	+	PKNOX1
19	4604718	+	PEX12
18	9542784	+	SGSH
15	9677638	-	SIRT4
20	5535779	-	
15	9678598	-	SIRT4
27	3007978	+	
24	6183667	-	
Z	7906945	-	ENHO
27	3032428	+	
10	4092860	-	CHRNA5
19	4620704	-	UNC45B
13	11122199	-	
11	1173212	+	AARS
Z	7911236	-	RPP25L
24	6183191	+	PIH1D2
6	12174718	-	DDIT4
1	110999784	-	
13	11122341	+	NOP16
6	12181430	-	ANAPC16
Z	7911209	-	RPP25L
20	5573824	-	SLC13A3
24	6194932	-	DLAT
1	49544172	-	
27	3077218	+	
9	19829026	+	
20	5580702	-	TP53RK
4	4425195	-	RBMXL1
1	49553680	+	SNU13
13	11127201	-	ARL10
20	5583217	+	SLC2A10
4	4421089	-	RBMXL1
5	16844218	-	CPT1A
1	4815722	-	KIN
9	19861346	+	SLC2A2
3	25256109	+	PLEKHH2
11	1196732	-	
2	107248585	-	NOL4
3	76418282	+	RARS2
14	6543051	+	TBL3
27	3182744	+	
5	16866659	-	
Z	43742147	+	GADD45G
Z	7921570	-	DCTN3
8	7476798	+	MRPS14
1	49571826	+	DESI1
27	3186961	+	
11	1196515	+	
2	9627521	+	DYNC2I1
5	16905290	-	
1	72932340	-	
3	25309379	+	DYNC2LI1
1	49586528	+	PMM1
8	7485785	-	CACYBP
10	4102983	-	PSMA4
5	39775061	+	NRXN3
Z	7938483	-	ARID3C
27	3201424	+	FK21
Z	44008987	-	DIRAS2
11	1204008	+	
18	9562020	-	CCDC40
14	6557431	-	NOXO1
27	3207704	+	
9	19871778	+	EIF5A2
11	1222442	+	TPPP3
1	49597177	-	CSDC2
27	3212209	-	
18	9565437	+	TBC1D16
8	7502252	-	
10	4108004	-	HYKK
14	6565542	+	GFER
27	3224553	+	
3	25347053	-	ABCG5
18	9601368	+	CBX4
6	12181167	+	ASCC1
5	16934417	-	
9	19878895	+	RPL22L1
3	76467565	-	SLC35A1
4	4425299	+	TM9SF2L
18	9620206	+	CBX8
1	49601065	+	POLR3H
18	9633475	-	CBX2
27	3232388	-	
1	4825152	+	TAF3
11	1235331	+	KCTD19
4	4546836	+	ZIC3
6	12181528	+	ASCC1
18	9641916	-	ENPP7
13	11143957	+	THOC3
Z	44137277	-	TPPP2
5	40962655	-	CEP128
15	9721482	+	RPLP0
4	76174159	+	LDB2
13	11150817	-	
1	4968059	+	GATA3
11	1255087	-	
14	6577048	+	SYNGR3
12	1165743	+	GNL3
1	4968947	+	GATA3
3	76481009	-	
27	3241712	-	
27	3245893	+	
24	6259713	-	HSPB2
6	12209119	+	SPOCK2
27	3254391	-	
4	44872836	+	BMP2K
2	56938680	-	SALL3
13	11203506	-	
6	12215247	-	TYSND1
3	25344295	+	ABCG8
27	3260292	-	
3	76508146	-	SMIM8
5	16940926	+	FADS2
27	3263524	+	
2	57050678	+	
10	4133567	-	IREB2
3	76576110	-	ZNF292
1	73358098	-	
5	16940973	+	FADS2
4	44941626	-	PAQR3
24	6236297	-	C11orf52
1	49628904	-	ACO2
27	3266796	-	
14	6624165	+	
27	3270035	+	
3	25456660	-	LRPPRC
4	5010204	+	F9
13	11214539	+	
2	57762227	+	KIAA0319
11	1345280	-	SLC9A5
6	12219963	-	SAR1A
27	3273321	-	
9	19920957	+	SLC7A14
1	49629138	+	PHF5A
4	45302156	-	ANTXR2
10	4161467	-	CRABP-I
2	57769672	+	KIAA0319
27	3276561	+	
12	1180455	-	GLT8D1
14	6632320	+	SLC9A3R2
3	76586294	+	CGA
27	3279848	-	
1	49639915	+	TOB2
27	3283091	+	
9	19943732	-	
3	76593631	+	CGA
1	73358186	+	C12orf4
6	12228467	-	PPA1
27	3286763	-	
4	45315298	+	PRDM8
3	76632760	-	HTR1E
Z	44369961	-	NFIL3
27	3294948	+	
1	73398600	+	FGF6
Z	44458348	+	
1	111071770	+	CRYAA
2	57824901	-	ALDH5A1
24	6242019	+	CRYAB
27	3319917	+	
1	73425405	+	FGF23
24	6248737	-	C11orf1
3	25523064	+	PPM1B
27	3332330	-	
6	12232669	-	NPFFR1
14	6665789	-	NTHL1
9	19961418	-	SKIL
18	9760746	+	TIMP2
12	1180959	+	SPCS1
1	73462784	-	
24	6250001	+	FDXACB1
21	4449679	+	PAX7
1	49725642	-	ZC3H7B
27	3336792	+	
4	45319355	+	FGF5
27	3348766	-	
Z	44631748	-	ROR2
27	3351958	+	
20	5975454	-	SULF2
6	12235990	-	LRRC20
11	1364760	+	HSD11B2
27	3358990	-	
15	9769631	+	RAB35
3	25588912	+	SLC3A1
1	73514151	-	CCND2
6	12236270	+	EIF4EBP2
4	45457337	+	BMP3
5	16979535	-	RAB3IL1
27	3362182	+	
1	73515295	-	CCND2
11	1396927	-	ATP6V0D1
5	16979662	-	RAB3IL1
1	111222987	-	SIK1
21	4559784	-	ALDH4A1
10	4160976	+	WDR61
19	4667060	-	LIG3
5	16979956	-	RAB3IL1
8	7765201	+	SERPINC1
21	4593205	-	IFFO2
27	3369214	-	
1	49734327	+	RANGAP1
8	7788956	-	ZBTB37
8	7791510	-	ZBTB37
27	3372405	+	
5	16987346	+	BEST1
23	272909	-	HMGN4
10	4180486	+	WDR61
27	3379428	-	
1	111335748	-	HSF2BP
21	4611544	-	
27	3382620	+	
13	11280457	+	SPINK7
1	49754389	+	CHADL
12	1201802	-	NEK4
2	57864434	-	MRS2
1	111336046	+	RRP1B
1	170225814	+	CYSLTR2
27	3397575	-	
27	3401588	+	
11	1403054	+	
10	4194426	-	DNAJA4
19	4937405	+	CCLI5
5	17000513	-	FTH1
17	2777985	+	SLC31A2
13	11295210	+	
3	25620190	-	PREPL
5	17013057	+	
27	3410699	+	
5	17013708	+	
21	4628543	-	
13	11304657	+	SPINK6
27	3425256	-	
9	19987779	-	PRKCI
Z	44696180	-	SPTLC1
20	6366483	+	ARFGEF2
5	41056607	-	GTF2A1
Z	44696153	-	SPTLC1
11	1407170	+	SETD6
27	3419740	+	
19	4939772	+	CCL1
21	4654549	-	
27	3428848	+	
8	7802052	-	
Z	44706094	+	
5	41130702	-	STON2
23	283248	-	DHDDS
19	4941785	+	
2	57945715	-	NRSN1
27	3433337	-	
9	19994295	+	PHC3
12	1219925	+	
3	25620462	+	CAMKMT
5	41176115	-	SEL1L
2	57945892	-	NRSN1
10	4198612	+	ACSBG1
27	3435998	+	
24	6354809	-	
12	1240970	-	MUSTN1
19	4948277	-	
1	111372236	+	PDXK
9	20024015	-	GPR160
23	297198	-	LIN28A
2	10442049	+	GTPBP4
24	6426260	+	
3	25943217	+	SIX3
4	5141467	+	
1	73738390	+	
5	42391306	+	FLRT2
24	6449416	+	CLPTM1
1	73784529	-	
1	73823519	+	
13	11330697	-	UBLCP1
3	26005896	-	SIX2
23	304549	+	CRYBG2
Z	8366694	-	CCL19
5	17113867	+	
24	6470300	-	
27	3444203	+	GTSF1
1	111540937	+	AGPAT3
5	17128805	+	
2	10459537	-	
9	20047148	-	SEC62
Z	8373001	-	
24	6491202	-	
2	58571228	+	prl
1	111576236	+	
19	4955870	-	
5	17131424	+	
11	1466512	-	CNOT1
20	6401875	+	CSE1L
21	4673877	-	EMC1
3	26317142	-	SRBD1
13	11344877	+	RNF145
23	319933	+	UBXN11
Z	8501025	+	PHF24
6	12257165	+	ADAMTS14
5	17137223	+	
1	73969099	+	KCNA5
3	26313319	-	SRBD1
2	107912427	-	CEBPD
1	74013817	-	
5	17141228	+	
21	4673991	+	MRTO4
33	172313	+	
9	20061199	-	SAMD7
1	74122042	+	
5	17147488	+	
2	58891801	-	SOX4
1	74200582	+	
19	4964040	-	
9	20073998	+	LRRC31
3	26338154	+	PRKCE
5	17153019	+	
12	1469992	-	
23	330518	-	SH3BGRL3
14	6793587	+	RAB26
10	4240381	-	IDH3A
19	4995586	-	
33	215096	+	
1	74215223	+	NTF3
21	4680371	-	AKR7L
5	17170118	-	DTX4
3	26347144	-	
1	111618758	+	
3	26671415	+	EPAS1
33	304541	-	
5	17173042	-	CNTF
33	347037	+	
7	19966583	-	
2	10463982	+	WDR37
1	74478720	-	ANO2
2	10464945	+	WDR37
33	372195	-	
1	74496397	+	
3	26838815	+	RHOQ
27	3474926	-	GOSR2
17	2858968	-	WHRN
33	386311	-	
21	4680512	+	PQLC2
5	43100745	+	GPR65
2	10468364	+	WDR37
1	111636894	+	GATD3A
6	12293251	-	MTTPL
1	111643448	-	
33	426064	-	
5	43100760	+	GPR65
5	17187894	-	
19	4998829	+	MRPS17
1	111647889	-	
1	49836356	-	EP300
19	4998857	+	MRPS17
7	20004119	+	SLC38A11
5	43224081	-	KCNK10
33	444801	-	
2	10469485	+	WDR37
33	522074	-	
10	4241051	+	CIB2
3	26873744	-	PIGF
2	59415499	-	CDKAL1
1	111693509	-	
19	4999236	+	MRPS17
Z	8562119	-	VCP
33	639649	-	
2	59461745	-	E2F3
33	514121	+	
27	3509799	-	WNT9B
33	567670	+	
1	49871899	-	RBX1
15	9931064	-	PRKAB1
3	26874011	-	PIGF
33	603666	-	
17	2874201	+	ATP6V1G1
20	6483833	+	
Z	44861823	-	CDC42SE2
33	580300	+	
9	20114295	-	
1	111710719	-	ICOSLG
Z	44844066	-	CDC42SE2
4	5158785	+	TRMT12
20	6624185	-	KCNB1
11	1475832	+	
3	26873736	-	PIGF
27	3523220	+	WNT3
15	9931131	-	PRKAB1
Z	44862339	-	CDC42SE2
23	353960	-	ZNF593
1	49906124	-	XPNPEP3
2	59566193	+	MBOAT1
13	12008463	-	LSM11
20	6645381	+	
17	2882867	+	TMEM268
Z	44861456	-	CDC42SE2
33	1123982	-	
1	170432827	+	MLNR
3	76992372	-	NT5E
10	4293509	+	TBC1D2B
Z	8574697	-	FANCG
Z	44842601	-	CDC42SE2
33	1123976	-	
5	17229764	-	
6	12329964	-	PCBD1
23	372948	-	MATN1
3	26873800	+	CRIPT
1	170447986	+	CDADC1
Z	8591196	-	PIGO
7	20136713	+	GRB14
20	6660421	+	
Z	44814362	-	CDC42SE2
17	2943258	-	TNFSF15
11	1492223	-	CALB2
27	3602488	-	NSF
13	12015815	-	THG1L
3	26898348	+	SOCS5
3	77240681	+	TBX18
19	5001205	+	NIPSNAP2
4	45503970	+	RASGEF1B
Z	44885553	+	
2	60287806	-	RNF144B
17	2955639	-	
33	612509	+	
1	49906355	+	ST13P5
1	6305853	+	CELF2
7	20488320	+	FIGN
Z	8597473	-	STOML2
13	12021603	+	
1	6314420	+	CELF2
33	746519	+	
17	2989531	-	TNFSF8
1	6314637	+	CELF2
4	45579720	+	RASGEF1B
10	4326596	+	DAPK2
33	782347	+	
11	1504367	-	
1	6317137	+	CELF2
Z	8606934	-	FAM214B
33	806335	-	
Z	8605493	-	FAM214B
11	1510105	+	CMTR2
1	49931494	+	SLC25A17
20	6677188	+	TGM6
23	568556	-	SDC3
4	45579816	+	RASGEF1B
3	27055287	-	MCFD2
15	9971701	-	
1	49972914	+	MRTFA
4	45583645	+	RASGEF1B
6	12506250	+	SLC29A3
3	27055369	-	MCFD2
33	916156	-	
4	45583721	+	RASGEF1B
Z	8647537	+	UNC13B
27	3631332	-	CCDC43
4	45585088	+	RASGEF1B
33	947823	+	
20	6698519	+	EPB42
15	10008129	-	HSPB8
33	1021113	-	
4	45585162	+	RASGEF1B
2	60324519	+	DEK
13	12027893	+	ADAM19
19	5035592	-	PSPH
20	6715070	-	CCNDBP1
2	60325020	+	DEK
27	3631523	+	
19	5031242	-	PSPH
20	6727531	-	ZNFX1
33	1028222	+	
5	17251852	-	CLP1
Z	44911227	+	HINT2
15	10102850	-	SUDS3
2	60325228	+	DEK
Z	45371237	-	CHSY3
4	45615049	+	PRKG2
5	17252452	+	YPEL4
Z	45398346	-	MINAR2
9	20626551	-	
5	17261848	-	
2	60373473	-	KDM1B
33	1141874	-	
5	17257123	+	
5	43240969	+	SPATA7
8	7942103	-	NMNAT2
3	27055599	+	TTC7A
5	17262339	+	TIMM10
1	6679372	-	USP6NL
19	5035151	+	CCT6A
1	6677011	-	USP6NL
2	60373607	+	TPMT
5	17266627	-	
1	170510838	-	CAB39L
13	12112751	-	CYFIP2
33	1149140	+	
1	170510815	-	CAB39L
4	45656379	-	PKD2
8	7948738	+	SMG7
2	60384133	+	NHLRC1
1	50081111	-	SGSM3
1	170526727	-	CAB39L
15	10113851	+	TAOK3
33	1188927	+	
19	5042463	+	SUMF2
1	6699316	+	ECHDC3
13	12088961	+	
3	77538966	-	MRAP2
21	4747775	+	MINOS1
1	112334358	+	FUNDC1
4	45659023	-	SPP1
1	6730670	+	
Z	45705989	-	ISOC1
33	1202075	+	
2	108001222	-	PRKDC
7	21044187	+	IFIH1
4	45670752	-	MEPE
2	108001950	+	MCM4
27	3663464	-	GJC3
33	1235332	-	
13	12126363	-	
4	45672224	-	
13	12127326	-	
8	8002276	-	NCF2
1	6801597	-	UPF2
21	4771780	+	NBL1
Z	9008561	+	
13	12149954	-	
3	77591643	-	CYB5R4
5	17277213	-	PGR2/3
4	45677051	-	DMP1
2	11439889	+	PFKP
33	1277666	-	
2	108035114	+	UBE2V2
33	1308171	+	
10	4402619	+	HERC1
19	5053011	-	PHKG1
11	1545435	+	HYDIN
21	4783628	+	HTR6
15	10179073	-	PEBP1
9	20713727	-	
8	8010056	-	ARPC5
33	1333155	-	
3	77594215	-	RIPPLY2
8	8011746	-	APOBEC4
4	45682236	+	SPARCL1
1	112372336	+	EFHC2
10	4486512	-	FBXL22
33	1346049	+	
15	10179817	+	VSIG10
1	170550122	+	PHF11
33	1352834	+	
7	21075293	+	FAP
3	27359503	-	PPP1CB
19	5054408	-	CHCHD2P9
1	50106774	-	ADSL
4	45702330	-	NUDT9
1	6811050	+	DHTKD1
1	170550134	+	PHF11
2	108432260	-	
33	1430447	-	
4	5176802	+	TSPAN6
3	27407370	-	
19	5055814	+	VKORC1L1
33	1419180	+	
4	45702438	+	
2	108494837	+	C2H8ORF22
9	20764204	-	SERPINI1
10	4524948	-	USP3
33	1462451	-	
5	43451566	-	EML5
Z	45855483	+	MCC
33	1472176	+	
3	27479318	-	
2	108737544	-	
33	1497815	-	
5	17282810	+	SSRP1
33	1500201	-	
4	45715041	+	
5	17283200	+	SSRP1
4	5192800	-	TNMD
2	108764816	+	SNTG1
23	671143	-	
11	1649800	+	VAC14
1	6834525	+	SEC61A2
Z	9015759	+	
20	6842821	-	
1	50279263	-	FAM83F
11	1702335	+	MTSS2
1	112500338	+	NDP
33	1563539	-	
5	17291805	+	TNKS1BP1
19	5082830	-	GUSB
9	20764374	+	PDCD10
33	1570677	-	
7	21120995	+	GCG
33	1625158	-	
21	4832791	+	OTUD3
1	112500369	+	NDP
15	10195504	-	DDX54
4	45728695	+	KLHL8
33	1743386	-	
2	11507235	-	PITRM1
9	20770091	+	PDCD10
4	45729715	+	KLHL8
3	27510879	-	FOSL2
14	6881444	-	
1	112500529	+	NDP
5	17305316	+	APLNR
21	4843618	-	PLA2G2E
11	1721502	-	
23	689421	-	NWD1
2	60512496	+	SIRT5
4	5889579	-	
11	1721372	-	
33	1708140	+	
1	112500591	+	NDP
1	6858323	-	NUDT5
14	6882097	-	
2	11818005	+	
33	1721439	+	
1	112544502	+	
21	4850283	-	PLA2G5
14	6881740	-	
20	6861267	-	
33	1757491	+	
8	8142724	-	
21	4848886	+	UBXN10
33	1780169	+	
11	1750003	-	SF3B3
Z	9030333	-	TROJANZ
1	50339266	-	GRAP2
21	4851888	-	PLA2G2A
12	1811963	-	
8	8144138	+	TSEN15
3	27695285	-	BRE
1	50339191	-	GRAP2
2	11830930	-	KLF6
2	109509669	-	PCMTD1
33	1825004	-	
14	6881536	+	MLST8
1	50318390	-	GRAP2
20	6870332	-	PPP1R3D
33	1853457	-	
33	1867889	-	
2	109509185	-	PCMTD1
2	12865383	-	GJD4
17	3365148	+	PAPPA
2	109508334	-	PCMTD1
4	45891224	-	PTPN13
5	17337040	-	
33	2097068	-	
15	10204891	+	
1	6862559	+	CDC123
33	1885600	+	
10	4543071	+	CA12
33	1902503	+	
17	3587444	+	
5	43712084	-	FOXN3
33	1970239	+	
2	12992702	-	CCNY
33	1988860	+	
3	27766193	-	MRPL33
14	6891193	-	BRICD5
8	8212688	+	C1orf21
12	1840008	-	HYAL1
5	43711826	-	FOXN3
2	60531947	-	RANBP9
8	8217335	+	C1orf21
1	74715928	+	CD9
1	170591228	+	ARL11
12	1843438	-	HYAL2
21	4863754	-	RP11-529K1.3
14	6895546	-	PGP
Z	46101520	-	SRP19
33	2068534	+	
Z	9039475	-	
23	688912	+	ZCCHC17
14	6895718	+	E4F1
12	1850254	-	
23	689566	+	ZCCHC17
2	60561762	-	
1	170650244	-	KPNA3
33	2097096	-	
4	5913527	+	
12	1855177	-	RASSF1
14	6910974	-	ZDHHC4
4	76567092	+	FGFBP2
10	4590828	-	RAB8B
33	2186507	+	
7	21138002	+	DPP4
5	43876997	-	EFCAB11
23	707046	-	FABP3
2	60610916	-	MCUR1
12	1863549	-	ZMYND10
1	6924409	+	CAMK1D
2	60667750	-	RNF182
1	50591208	+	RPS19BP1
27	3690321	-	EFTUD2
23	710346	-	
10	4594910	+	RPS27L
1	74786815	-	
2	109846031	-	
9	20824691	+	
2	60692920	+	CD83
11	1751185	+	COG4
1	50602300	-	ATF4
1	7200482	-	CCDC3
3	27919436	-	SLC4A1AP
4	8111548	-	KLHL4
1	170683648	-	SPRYD7
1	50601819	-	ATF4
10	4609086	-	LACTB
4	76622926	-	CD38
33	2193111	-	
1	74873840	+	PRMT8
21	4890492	-	CAMK2N1
3	27919747	+	SUPT7L
17	3854597	-	ASTN2
1	50619573	-	MIEF1
1	74992898	+	
33	2198600	+	
27	3695485	+	FAM187A
21	4895817	-	MUL1
6	12523595	+	CDH23
1	50620712	-	
5	17369384	+	
12	1867142	-	NPRL2
9	21107790	+	BCHE
33	2307783	-	
3	28348991	+	LRFN2
7	21299422	-	SLC4A10
1	75012619	+	
1	170690519	+	TRIM13
33	2319924	+	
3	77729607	-	PRSS35
8	8413404	+	RNF2
9	21125292	+	BCHE
12	1867280	+	CYB561D2
1	50645593	-	MGAT3
15	10278627	-	SELENOM
33	2346252	+	
1	170697168	+	KCNRG
3	28809406	+	MOCS1
8	8413508	+	RNF2
13	12159620	+	MED7
27	3702163	-	GFAP
11	1778544	-	
2	110005182	-	RB1CC1
33	2352979	-	
6	12626469	-	
12	1871561	-	TMEM115
9	21273430	+	SLITRK3
1	75040418	-	
4	76652266	-	BST1
15	10279183	+	
17	3921693	+	
2	61065775	+	JARID2
33	2525578	-	
5	17778656	+	CCND1
23	722207	+	SERINC2
21	4898298	-	FAM43B
33	2414676	+	
4	46032124	-	MAPK10
33	2420782	+	
15	10283137	+	
7	21373226	-	TBR1
33	2464943	+	
15	10288889	+	P2RX2
23	919640	+	HIVEP3
6	12647593	-	
1	75199031	-	TSPAN9
11	1776442	+	ST3GAL2
21	4905099	+	PINK1
4	76655650	+	FBXL5
2	110084486	+	NPBWR1
1	50668685	-	TAB1
17	3938812	+	TLR4
23	936535	+	HIVEP3
33	2501725	+	
11	1801364	-	PDPR
27	3711099	-	KIF18B
1	171220977	+	RNASEH2B
20	7708555	-	TAF4
23	950558	+	HIVEP3
27	3716130	-	C1QL1
33	2524387	-	
1	75164584	+	
33	2540641	-	
1	50687741	-	SYNGR1
8	8616647	+	BRINP3
21	4912755	+	AGMAT
23	1063330	+	EDN2
Z	46525374	+	NREP
1	113189961	-	GPR82
2	110165360	-	OPRK1
5	43917283	+	KCNK13
33	2556119	-	
1	113189557	-	GPR82
1	171336927	+	FAM124A
33	2613786	+	
8	8619827	+	BRINP3
19	5108230	+	CRCP
23	1319424	-	FOXO6
1	113202575	-	GPR34
17	4436723	-	BRINP1
Z	9069155	-	CD72AG
1	113303342	-	NYX
8	8900690	+	
1	171398869	+	SERPINE3
33	2671130	+	
1	7225803	+	OPTN
9	21316359	+	
27	3728837	+	NMT1
23	1344051	+	SCMH1
8	9866179	+	
7	21422146	-	PSMD14
33	2681118	-	
Z	9071860	-	
2	61479711	+	MYLIP
8	9925637	-	
5	44036319	-	NRDE2
33	2705090	-	
1	171458909	-	INTS6
2	110289554	-	ATP6V1H
20	7741495	-	PSMA7
21	4924567	-	DNAJC16
11	1860794	-	GLG1
8	10598304	-	
33	2766360	+	
Z	9084664	-	TMEM8B
9	22092254	-	OTOL1
33	2767601	-	
Z	46595146	+	STARD4
5	17818546	-	FGF19
21	4924613	+	CASP9
33	2768794	-	
20	7741772	+	SS18L1
1	50691563	+	RPL3
Z	9087724	+	TAF1C
20	7757151	+	MTG2
5	17845980	-	FGF4
2	110314102	+	RGS20
2	61526463	+	GMPR2
5	44062715	+	CALM1
1	50695619	-	
21	4933495	-	CTRC
2	61650422	-	ATXN1
5	17877619	-	FGF3
Z	9092401	+	
Z	46782893	-	CAMK4
17	4892148	-	
33	2862532	-	
9	22104762	+	SPTSSB
Z	46619676	+	
19	5111091	+	TPST1
11	1885632	-	RFWD3
21	4936536	-	EFHD2
4	46280009	-	COPS4
3	77925855	-	RWDD2A
17	4932479	-	
12	2173269	+	HEMK1
19	5144288	+	TPST1
4	76779005	-	C1QTNF7
21	4940088	-	
12	2173583	+	HEMK1
1	7248738	+	MCM10
27	3752626	+	HEXIM1
21	4953458	-	
11	1890948	-	MLKL
9	22123904	+	NMD3
Z	46841797	-	WDR36
2	61921863	+	RBM24
17	4938124	-	
2	13057826	+	CUL2
12	2268470	-	CISH
4	46324671	-	THAP9
17	4951990	-	MEGF9
19	5144917	+	TPST1
1	171476437	+	WDFY2
21	4961071	-	TMEM51
1	50720146	+	PDGFB
9	22149734	-	
3	29204412	+	KCNK16
33	2936958	+	
Z	9113971	+	MSMP
3	29216511	+	KCNK17
21	4962579	-	TMEM51
9	22144370	-	
2	61960517	+	CAP2
4	46324483	-	
15	10321910	-	
6	12683537	+	CHST3
2	62029852	+	
9	22149858	+	PPM1L
3	29310781	+	KCNK5
33	2968222	+	
1	7249016	+	
6	12684255	+	CHST3
9	22257167	-	B3GALNT1
Z	46922477	-	SLC25A46
6	12685653	+	CHST3
9	22259518	+	ARL14
3	29408937	+	
1	171579572	-	
2	62032429	+	FAM8A1
1	50752535	+	CBX7
1	50770186	+	CBX6
33	2975032	-	
1	171610947	-	TMEM272
6	12694308	+	AIFM2
2	62086207	-	NUP153
2	110378439	-	LYPLA1
27	3764703	+	
4	8657030	+	POF1B
19	5181549	+	
33	3165510	-	
1	113370872	+	RPL8
Z	47357106	-	MAN2A1
27	3764962	+	
3	77925881	+	PGM3
2	110380891	+	MRPL15
9	22276441	+	KPNA4
3	77926489	+	PGM3
2	62100297	-	C2H6orf52
1	50786323	+	NPTXR
3	77926558	+	PGM3
33	3168701	-	
2	110517253	+	SOX17
5	44303401	-	TTC7B
6	12748414	-	H2AFY2
4	8699226	-	ZNF711
7	21793549	+	ITGB6
6	12713467	-	H2AFY2
1	113456709	-	
1	50795054	+	DNAL4
9	22301097	+	TRIM59
6	12743460	-	
4	8712457	-	
5	18066746	+	FADD
1	50795326	+	DNAL4
19	5210558	+	TMEM248
Z	9136599	+	
9	22304267	+	TRIM59
2	62100860	+	PAK1IP1
6	12879854	+	
1	50802358	+	
Z	47448939	+	
4	77017890	-	
6	12886667	+	
1	50804147	+	
23	1524210	+	STX12
2	110575597	+	
4	8732413	-	APOOL
1	171682351	+	ALG11
6	12970502	+	ZCCHC24
2	62112883	+	
13	12420212	-	SGCD
Z	47681655	-	FER
1	50809249	+	SUN2
2	62113216	+	
23	1536772	+	PPP1R8
9	22345248	-	SMC4
1	7311282	-	SEPHS2L
17	5160792	+	ORM1
1	171713462	-	NEK5
23	1564116	+	THEMIS2
1	7308381	-	SEPHS2L
2	62113251	+	
7	21828489	+	PLA2R1
6	13103157	-	PPIF
33	3220907	-	
2	62136946	+	GFOD1
2	110703912	+	
33	3234142	-	FIGNL2
33	3264423	+	ANKRD33
6	13389295	-	ZMIZ1
2	110760621	+	XKR4
1	75327212	-	TULP3
33	3272217	+	ACVRL1
13	12720692	+	GEMIN5
8	10684950	-	PLA2G4A
1	7372660	-	BEND7
14	7014706	+	LCMT1
Z	47772333	+	FBXL17
2	111029857	-	TMEM68
19	5308527	-	NCBP3
4	8906442	-	
4	77382523	+	
1	75331844	-	RHNO1
Z	9152592	+	
19	5312374	+	CRK
Z	48131380	+	EFNA5
1	50835273	+	JOSD1
2	111051679	-	
14	7037718	+	AQP8
2	62216173	+	TBC1D7
Z	48132586	+	EFNA5
23	1573848	-	RPA2
1	50847064	-	TOMM22
1	113587894	-	ATP6AP2
Z	49070538	-	
Z	9164659	+	AVD
2	62216217	+	TBC1D7
1	171724935	-	NEK3
Z	49320099	+	
23	1574041	+	SMPDL3B
1	50849565	-	CBY1
Z	49555593	-	
11	1899308	-	FA2H
23	1579849	+	XKR8
27	3809775	-	MAP3K14
13	12745824	-	CNOT8
2	111084380	+	TGS1
1	50865020	+	DMC1
1	7384177	+	
19	5330957	+	YWHAE
1	50877655	+	DDX17
Z	49944419	+	NUDT12
4	8926898	+	HDX
33	3297685	+	TAMALIN
Z	9172144	-	CREB3
Z	49966952	+	
1	7438493	-	FRMD4A
33	3308221	+	NR4A1
1	114047548	-	MID1IP1
14	7139995	+	CACNG3
19	5340047	+	
1	171734808	-	CKAP2
12	2631004	+	MANF
3	78231573	-	TPBG
1	75394716	-	ITFG2
17	5201839	+	FAM102A
13	12745890	+	FAXDC2
12	2635119	+	RBM15B
Z	49982405	+	
27	3817962	+	MYO1D
17	5202951	+	FAM102A
1	114163628	-	
13	12748016	+	FAXDC2
33	3314755	+	ATG101
2	111134283	+	LYN
Z	50045272	-	MACIR
1	7480699	-	
1	50902317	-	KDELR3
3	29492829	-	GLP1R
4	78033714	+	HS3ST1
15	10355396	-	P2RX6
1	171734632	+	VPS36
1	50905908	+	KCNJ4
15	10356368	-	P2RX6
1	50909163	+	
1	171764491	+	THSD1
4	9064635	-	POU3F4
4	78234948	+	
11	1949555	-	WDR59
17	5233790	+	DPM2
4	78254035	-	ZNF518B
4	9296473	-	
15	10355105	-	P2RX6
1	171799117	-	
9	22401775	+	
11	1950400	+	ZNRF1
1	50927995	+	CSNK1E
1	114232333	-	OTC
33	3337279	-	FMNL3
5	44381604	+	DGLUCY
4	9327893	-	
9	22416411	-	IL12A
5	44381659	+	DGLUCY
1	7850940	-	FAM107B
1	7888297	-	FAM107B
5	44384433	+	DGLUCY
27	3890766	-	CDK5R1
11	1968747	-	
8	10796013	+	PDC
5	44385841	+	DGLUCY
15	10355092	+	LRRC74B
1	50950320	+	TMEM184B
2	111199494	-	
33	3337502	+	TMBIM6
11	1969779	+	CTRB2
2	111207110	-	RPS20
27	3898705	-	PSMD11
11	1978777	-	BCAR1
5	44441325	-	GPR68
15	10366678	-	SLC7A4
5	18178276	-	
2	111224811	-	MOS
5	44441557	-	GPR68
17	5245343	+	
1	50979138	-	MAFF
33	3345949	-	
14	7241377	+	TNRC6A
21	5113478	-	
4	9341547	-	
1	50978886	-	MAFF
2	111284428	-	PLAG1
15	10376611	-	DGCR6
4	9339942	-	
2	111253502	-	PLAG1
33	3350343	-	
14	7244454	+	TNRC6A
2	111284526	+	
15	10395241	-	SCARF2
11	2031846	-	CFDP1
21	5166706	-	PRDM2
27	3905793	-	FZD2
17	5241787	+	ST6GALNAC4
4	46361293	+	SCD5
15	10406063	-	
1	7970728	+	HSPA14
4	9373476	-	SH3BGRL
3	78460986	+	FAM46A
14	7279266	-	NDUFAB1
20	7823884	+	ADRM1
11	2032092	+	TMEM170A
21	5204441	-	
15	10623518	+	RTN4R
4	78304219	+	WDR1
23	1634642	-	PTAFR
4	9383205	+	
14	7288943	-	PALB2
21	5220770	+	LRRC38
23	1636790	-	PTAFR
4	46379729	+	TMEM150C
33	3370670	-	CCNT1
4	9410036	+	
4	46384170	+	TMEM150C
21	5258665	-	C1orf158
2	111362925	-	
19	5424636	-	INPP5K
1	7983063	+	SUV39H2
2	13897935	+	NRP1
2	111384344	-	PENK
5	18393764	-	SHANK2
3	79163325	-	BCKDHB
1	75455190	-	NECAP1
4	9426824	+	BRWD3
2	111601427	-	BPNT2
4	78383025	+	SLC2A9
23	1656008	+	
5	18477104	-	
14	7288979	+	DCTN5
2	111903414	+	FAM110B
1	8003663	-	DCLRE1C
21	5268430	-	
9	22432014	-	
4	9496535	-	TENT5D
14	7288991	+	DCTN5
33	3389497	-	ADCY6
1	114440914	+	DYNLT3
4	9504323	+	
33	3392702	+	CACNB3
21	5273140	-	
27	3964384	+	
7	22026477	-	SLC4A3
5	18570650	-	
4	78491401	-	DRD5
27	3969401	+	
9	22501127	-	IQCJ
5	44579829	-	PPP4R3A
33	3403944	-	DDX23
1	50999516	+	BAIAP2L2
15	11055778	-	IQCD
1	8003807	+	MEIG1
21	5294686	-	
15	11060216	+	DUSP21
33	3409262	-	RND1
Z	50108930	+	GIN1
27	3978712	-	
10	4798157	-	TLN2
15	11063864	-	
4	78512725	-	OTOP1
33	3409283	+	CCDC65
14	7296562	+	PLK1
1	8021261	+	TMEM243
17	5248227	+	AK1
1	51008968	+	SLC16A8
Z	50113248	+	GIN1
15	11065584	-	SLC35E4
2	62679088	-	EDN1
27	3984914	-	TMEM98
15	11070122	-	TCN2
33	3412858	-	FKBP11
12	2761134	+	RNF123
2	62820321	-	HIVEP1
17	5248369	+	AK1
1	75548453	+	SLC2A14
5	44653557	-	TC2N
5	18582854	-	
1	114478974	-	CYBB
3	79270155	+	ELOVL4
17	5248538	+	AK1
33	3420686	-	
4	46402176	+	HNRNPDL
12	2763675	+	RNF123
21	5314485	+	DHRS3
17	5249473	+	AK1
1	51030492	-	PICK1
2	62886571	+	ADTRP
3	79364073	-	SH3BGRL2
21	5317219	+	DHRS3
1	114509421	-	XK
4	46402179	+	HNRNPDL
33	3422447	+	WNT1
1	75584152	+	
8	10898673	-	
2	62972331	-	TMEM170B
1	114546887	-	LANCL3
3	79409441	+	LCA5
4	78538243	-	LYAR
11	2117520	-	NUP93
1	51055215	+	SOX10
1	75596024	-	NANOG
10	4876557	+	
1	114609539	-	PRRG1
2	14138822	+	EPC1
14	7321981	-	UBFD1
15	11069471	+	PES1
1	75637754	-	AICDA
1	51070945	-	POLR2F
17	5255485	+	ENG
4	46406249	+	HNRNPD
15	11080655	+	GAL3ST1
4	78539039	+	ZBTB49
11	2120425	-	MT4
1	51071012	+	C22orf23
1	75660701	-	MFAP5
12	2802431	-	AMIGO3
Z	50316356	+	
17	5268508	-	FPGS
4	46423376	-	PLAC8L1
2	63135497	-	C1orf145
2	112034638	-	CYP7A1
2	14216533	+	KIF5B
14	7322166	+	EARS2
15	11094901	-	MTFP1
11	2123328	-	MT3
15	11089199	-	MTFP1
7	22051500	+	
5	44711483	-	FBLN5
Z	50341879	+	SLCO4C1
3	79469956	+	HMGN2P46
4	78573670	+	NSG1
23	1741624	+	
4	46424857	-	PLAC8
23	1789086	+	LUZP1
1	75676642	+	RIMKLB
12	2807450	-	GMPPB
19	5440237	-	PITPNA
5	44756472	-	TRIP11
14	7329541	+	
4	46437404	-	COQ2
7	22058161	-	INHA
15	11092979	-	
27	4026798	-	
Z	50730982	+	ST8SIA4
14	7329807	+	
20	7938510	-	RPS21
9	22591912	+	RARRES1
17	5275754	-	CDK9
12	2837535	-	IP6K1
1	75755935	+	
Z	50907440	-	FAM174A
7	22058182	+	OBSL1
1	8136573	+	ELAPOR2
19	5480180	-	SLC43A2
23	1830587	-	KDM1A
12	2834502	-	IP6K1
4	78650996	-	STX18
2	63142207	+	ELOVL2
12	2841720	-	IP6K1
4	46444745	-	HPSE
12	2832957	-	IP6K1
2	63149057	+	ELOVL2
11	2128470	+	BBS2
2	112049920	+	SDCBP
20	7956242	-	CABLES2
7	22074817	-	TMEM198
1	75760373	+	
4	78805627	+	MSX1
2	112052407	+	SDCBP
27	4034840	-	RDM1
23	1846206	-	ZMPSTE24
4	46463696	-	HELQ
20	7972833	-	RBBP8NL
9	22620465	-	GFM1
17	5296481	+	TOR2A
33	3679355	+	
11	2155667	-	OGFOD1
4	9901515	+	SLITRK4
7	22084314	-	
4	78881513	-	CYTL1
33	3693837	-	TSPAN31
4	46463751	+	MRPS18C
9	22606347	+	LXN
17	5303420	-	
12	2853236	-	
33	3727758	-	
15	11099233	+	RNF215
1	8295700	-	GRM3
20	8030097	-	GATA5
27	4038410	-	GH
1	75781700	+	
19	5491925	-	RILP
1	51089196	+	ANKRD54
Z	9221379	+	
1	171844773	-	SLC25A15
1	8258916	-	GRM3
12	2855018	-	
15	11100328	+	RNF215
1	171845132	-	SLC25A15
14	7336991	+	COG7
7	22129021	+	
1	75801992	+	
27	4045220	-	CD79B
1	171845524	-	SLC25A15
15	11111632	-	CCDC157
4	46472824	-	FAM175A
11	2162212	+	AMFR
3	29619293	-	DNAH8
1	171849045	+	MRPS31
5	18649333	-	FBXO3
4	46473486	+	
14	7370915	-	SCNN1B
1	75802005	+	
9	22758490	-	RSRC1
3	79624328	+	
1	171875935	-	
3	29621182	+	GLO1
7	22137553	-	GMPPA
Z	9236423	-	CA9
33	3742460	+	
2	63211560	-	SYCP2L
1	51106741	-	EIF3L
1	75827259	+	
5	18665579	-	LMO2
19	5509846	-	PRPF8
2	14518232	-	
4	10711020	-	GABRQ
20	8179858	+	SLCO4A1
23	1905027	+	SFN
3	79644162	-	IRAK1BP1
9	22759713	+	SHOX2
14	7388599	-	SCNN1G
1	171900251	+	FOXO1
1	51118848	-	GALR3
5	44776779	-	NDUFB1
5	44776428	-	NDUFB1
4	78940389	+	STK32B
1	51121427	+	
17	5338453	-	URM1
23	1914406	-	
20	8227321	+	NTSR1
2	63211417	+	GCM2
12	2862268	-	NICN1
17	5353651	-	SLC27A4
2	63220184	+	
1	8841295	+	SEMA3D
5	18710570	+	CAPRIN1
4	46506402	+	GPAT3
4	10750330	+	GABRA3
1	51128130	-	GCAT
5	44776755	+	CPSF2
9	22846130	-	
1	8877422	+	SEMA3D
12	2898532	-	DAG1
19	5514828	-	TLCD2
3	80007134	-	MEI4
23	1919682	-	GPATCH3
20	8323108	+	MRGBP
2	63228311	+	
23	1923230	-	NR0B2
17	5360831	-	COQ4
14	7388848	+	USP31
9	22861124	+	
1	75845885	+	
19	5520091	+	
17	5358563	+	TRUB2
2	63255673	-	
Z	9283017	-	
15	11112091	+	SF3A1
1	172269368	-	COG6
4	10827137	+	GABRE
9	22874363	-	PTX3
11	2344366	+	CBFB
2	63271625	-	GCNT2
12	2901547	+	MST1
4	79147207	-	EVC2
9	22884604	+	VEPH1
5	44896394	+	SLC24A4
3	80084761	+	HTR1B
4	46798328	-	NKX6-1
5	18749501	+	NAT10
17	5366335	-	SWI5
14	7439069	-	HS3ST2
1	75865514	+	PHC1
23	1924584	+	NUDC
Z	9282572	+	ARHGEF39
2	63286294	+	TFAP2A
Z	9298745	-	MRPL17
20	8340728	+	COL9A3
3	29916710	-	ZFAND3
23	1944798	-	KDF1
2	63431358	+	
5	18784074	-	
9	22923588	+	CCNL1
1	75891432	-	M6PR
14	7497239	+	HS3ST4
23	1946178	+	
5	18869117	-	
1	172289679	+	LHFPL6
3	80395515	+	IMPG1
14	7676431	+	KDM8
20	8379153	-	TCFL5
5	18904487	-	
Z	9323467	-	CCBE1
23	1971801	-	TENT5B
9	22955401	-	
19	5543842	+	SERPINF2
1	172566336	-	NHLRC3
Z	9445555	+	PMAIP1
4	10932243	-	PRRG3
1	75907427	+	
12	2914156	-	APEH
11	2391861	+	C11H16orf70
19	5544520	+	SERPINF2
9	22969719	-	
1	115288951	+	TMEM47
1	75929264	+	
7	22139888	+	DNPEP
1	9344448	+	SEMA3A
1	115750190	-	NR0B1
11	2439530	-	B3GNT9
4	10939321	+	CLDN2
9	23033870	-	TIPARP
11	2456359	-	TRADD
1	75931202	+	
1	116011137	+	TAB3
5	45025305	-	LGMN
12	2962756	-	BSN
4	10973769	-	
1	9659444	+	SEMA3E
5	45020937	-	LGMN
1	9865126	+	
9	23034764	+	SSR3
19	5554574	+	SERPINF1
11	2455977	+	FBXL8
1	75943880	-	
3	30269956	+	CCDC167
1	172589578	+	STOML3
19	5554598	+	SERPINF1
2	63573770	+	
23	2028432	+	TMEM222
20	8431479	+	GID8
5	45034325	+	GOLGA5
14	7689009	-	NSMCE1
1	75947160	-	
11	2460701	+	HSF4
1	9888360	+	
1	51155398	-	
7	22175002	-	DES
3	30303453	-	CMTR1
1	51155431	-	
14	7688992	-	NSMCE1
1	172598235	-	
5	18920696	+	CAT
7	22183985	+	PTPRN
1	75951137	-	
9	23068606	-	KCNAB1
15	11136040	+	CASTOR1
5	45084388	+	CHGA
1	75952140	-	
14	7689162	+	
2	64129120	+	SLC35B3
20	8441138	+	SLC17A9
1	9908004	+	
Z	51434686	-	RGMB
2	64130720	+	SLC35B3
1	75997392	-	
4	11014124	-	TMLHE
3	80523293	-	MYO6
1	76006578	-	
4	11013459	-	TMLHE
20	8489984	-	BHLHE23
7	22198144	-	DNAJB2
4	11013460	-	TMLHE
3	30320152	-	RNF8
1	76276135	+	
23	2056508	-	MAP3K6
Z	51623297	+	RIOK2
5	45230310	-	ITPK1
4	11028600	+	SPRY3
12	2994178	-	CAMKV
Z	9696930	-	
1	51155529	+	
4	11085059	+	POU4F3
5	18964262	-	ELF5
1	116112612	+	TASL
Z	9742308	-	MTMR12
7	22201254	+	
1	51156020	+	
11	2493276	+	HSDL1
23	2083765	-	WASF2
Z	51637861	+	LIX1
1	51162834	+	
19	5568657	+	RPA1
7	22205155	+	
Z	9793178	-	
5	18995653	+	EHF
9	1899914	-	HS6ST1
9	23104817	-	GMPS
12	3009824	-	MST1R
23	2084408	-	WASF2
2	64356493	+	TXNDC5
1	51169768	-	CG-1B
27	4087573	-	
5	45262636	-	
5	19098880	-	APIP
9	23104838	+	
1	51185095	-	PDXP
7	22212056	+	GLB1L
27	4090383	+	
19	5643569	+	DPH1
11	2501626	+	MBTPS1
Z	9801245	+	SUB1
5	45246386	+	TMEM251
27	4093739	+	
5	19099003	+	PDHX
9	23117488	+	C3orf33
19	5668833	+	HIC1
Z	51789418	+	
20	8777657	-	NKAIN4
12	3015858	-	MON1A
1	172776030	-	FREM2
12	3015929	-	MON1A
27	4101688	+	
7	22223656	-	ANKZF1
19	5764779	-	SMG6
4	11177013	-	POLR1D
4	47009784	-	PPM1K
4	79147283	+	EVC
1	76279324	+	
11	2528909	+	SLC38A8
4	47009225	-	PPM1K
3	30345790	+	TCTE1
Z	52054450	+	RNF38
3	30367367	-	
5	45251142	+	UBR7
1	51193519	-	
2	64561164	-	DSP
23	2220746	+	
3	30373847	+	NFKBIE
9	2410659	-	PLEKHB2
4	47553339	-	
1	172906531	-	UFM1
3	80772707	+	TMEM30A
1	51205052	-	GGA1
23	2226514	+	
Z	52089154	+	TRIM14
3	80790621	+	COX7A2
1	173127323	+	TRPC4
27	4119316	-	FTSJ3
Z	10102092	+	TARS
Z	52107270	-	NANS
19	5765094	+	SRR
9	2413850	-	PLEKHB2
1	76293135	+	
8	11201702	+	IVNS1ABP
9	2413219	-	PLEKHB2
5	19335831	-	SLC1A2
1	76308299	+	
8	11202401	+	IVNS1ABP
5	19346387	-	
9	2430180	+	FAM168B
4	11177127	+	VAMP7
23	2253610	+	SESN2
1	76314823	+	
4	11177148	+	VAMP7
17	5475502	-	C17H9orf16
5	19391850	-	
4	79247398	-	CRMP1
19	5782898	-	POLDIP2
4	47983446	+	ADGRL3
7	22229319	+	ABCB6
5	19419316	+	FJX1
8	11257043	-	SWT1
17	5476114	+	PTGES2
4	79326881	-	
23	2297594	+	
5	19507937	+	LDLRAD3
19	5783014	+	TMEM199
2	15318325	-	BAMBI
Z	10315034	+	
5	19646040	-	COMMD9
7	22242064	-	ZFAND2B
8	11257067	+	TRMT1L
23	2306659	+	RCC1
2	15395461	-	WAC
1	76344176	-	
7	22254632	-	
23	2322177	-	OPRD1
2	64606726	-	RIOK1
5	19671101	+	PRR5L
3	30399049	-	HSP90AB1
23	2335100	-	TCEA3
Z	10346031	-	SLC45A2
2	15395223	+	
1	76344055	-	
2	15396237	+	
13	12838861	+	HAND1
2	15396449	+	
1	76397638	-	OVST
3	30404762	-	SLC29A1
20	8807030	+	
Z	10368350	-	AMACR
7	22253721	+	CNPPD1
1	51223454	-	CDC42EP1
8	11457561	-	AMY1A
5	19735158	-	TRAF6
8	11467906	-	AMY1A
7	22261123	+	SLC23A3
Z	52181378	-	GNE
5	19735423	-	TRAF6
14	7782280	+	
2	15436178	+	MPP7
4	11283634	-	NSDHL
Z	10387436	-	
5	19734826	-	TRAF6
23	2360992	-	
1	51238459	+	CARD10
19	5795785	-	VTN
14	7811646	+	UBE2I
19	5795706	+	
5	19742333	+	RAG1
8	11483449	-	RNPC3
4	79483567	+	WFS1
5	19758919	-	RAG2
23	2369164	-	ID3
7	22266262	+	NHEJ1
19	5799449	+	
4	11283945	+	CETN1
9	2698820	-	AMER3
2	15442263	+	MPP7
14	7824137	-	TSR3
4	49161689	-	
17	5500646	+	GLE1
5	19755982	+	C5H11orf74
Z	52349944	+	CPLX1
8	11602708	+	
7	22301636	+	IHH
19	5807797	-	SLC46A1
4	11289674	+	
15	11321105	-	UQCR10
4	11299195	-	
7	22316359	+	
1	76553297	-	
4	11302073	+	
20	8822383	+	COL20A1
Z	52736256	-	PCGF3
9	23132124	+	PLCH1
11	2603624	-	NECAB2
1	77281468	-	
Z	10563411	-	RAD1
Z	52751686	-	PCGF3
4	11305098	+	
5	21182056	-	LRRC4C
1	51333318	+	ELFN2
Z	52746715	-	PCGF3
5	20765755	-	LRRC4C
9	2757972	+	KLHL24
4	11323586	-	
20	8890329	-	CHRNA4
15	11323047	+	ZMAT5
8	11693571	+	
27	4266979	-	ASIC2
3	30454580	-	CAPN11
2	64914233	-	LY86
8	11755589	-	
Z	10563505	+	BRIX1
12	3079182	+	
15	11339583	-	CABP7
2	15687491	+	MKX
9	2746826	-	KLHL6
2	64914270	-	LY86
Z	52721101	-	PCGF3
27	4598790	-	
Z	10575852	+	
6	15415982	+	ZNF503
8	11872299	+	OLFM3
8	11951332	+	
33	4123664	-	
Z	10578267	+	
8	12071019	-	S1PR1
1	77388128	+	CASR
7	22324052	+	CFAP65
13	12857514	-	SAP30L
27	4646659	+	CRHR1
6	15671950	+	COMTD1
13	12903053	-	GALNT10
4	49197803	-	POLR2B
Z	52795221	+	SLC49A3
27	4718285	-	
1	77433979	+	CSTB
2	15799233	-	RAB18
12	3119482	-	RAD54L2
23	2393352	-	YTHDF2
7	22350254	+	CRYBA2
4	49197876	+	NOA1
13	12979696	-	MFAP3
1	77445026	-	CSTA
5	21645014	+	API5
20	9012793	-	EEF1A2
7	22355711	+	FEV
20	9014412	-	EEF1A2
12	3201908	-	FANCD2
2	15866607	+	
2	15910728	+	
5	21660460	+	TTC17
4	49220468	-	
3	30500634	+	MRPL14
20	9012620	-	EEF1A2
7	22397621	-	WNT10A
11	2644433	+	
27	4721958	+	ITGB3
15	11387752	+	NIPSNAP1
1	77463747	+	FAM162A
Z	10597099	-	AGXT2
Z	52823800	+	CHRNA8
8	12112204	-	
9	23250380	-	MME
7	22410862	-	WNT6
Z	53065796	-	TRABD2A
4	79655083	-	
4	49237907	-	SARAF
Z	10596862	-	AGXT2
20	9023108	-	PPDPF
13	12979764	+	FAM114A2
11	3236432	-	
4	49238033	+	LEPROTL1
9	23314217	+	GPR149
5	21812534	+	HSD17B12
13	13001201	+	
12	3201509	+	EMC3
2	65116070	+	NRN1
Z	53415783	-	
14	7881342	+	C14H16orf45
1	10877917	+	
1	10932924	+	
9	23339007	+	DHX36
Z	53425502	-	
20	9033512	-	SRMS
33	4133942	-	
Z	53473680	-	
4	49243125	+	SRP72
7	22425915	-	PRKAG3
1	77514773	-	KPNA1
1	11192619	+	SEMA3C
33	4257198	+	
27	4751475	+	METTL2B
2	15944225	-	YME1L1
4	49261759	+	ARL9
33	4259420	-	
1	51413962	+	RAC2
Z	53522873	-	
7	22444823	-	TTLL4
1	11194253	+	SEMA3C
33	4425332	+	
2	15947101	+	MASTL
4	49271994	-	HOPX
1	51425940	+	SSTR3
7	22461883	-	
1	51440395	+	C1QTNF6
8	12119346	+	DPH5
33	4661788	+	
Z	53554762	-	
11	3255003	+	ESRP2
9	23405126	-	ARHGEF26
3	81446191	-	CD109
33	4662998	+	
11	3303210	-	
12	3238321	-	USP4
4	79706434	+	MAN2B2
7	22462035	+	RNF25
33	4663861	+	
20	9091978	-	PCMTD2
33	4664199	+	
11	3378444	-	NFATC3
3	30902464	+	MRPS18A
9	23490259	-	RAP2B
33	4681904	-	NXPH4
3	81411646	+	
1	173546552	-	
13	13391268	+	NMUR2
1	77546387	+	TAPBPL
9	23520980	-	P2RY1
1	51500474	-	KCTD17
4	49367971	+	DUSP4
2	112372740	-	TOX
8	12164183	-	SLC30A7
11	3423443	-	DUS2
1	51500471	-	KCTD17
Z	53554422	+	TMEM175
7	22473283	-	BCS1L
8	12164823	-	SLC30A7
11	3423355	+	DDX28
27	4832151	+	MRC2
12	3242538	-	GPX1
7	22473686	+	ZNF142
Z	53568962	+	ATP5I
8	12167220	+	EXTL2
11	3442713	-	GALR1L
9	2840729	+	
20	9131619	-	MYT1
27	4897150	+	TANC2
8	12174912	+	CDC14A
2	65441059	-	FARS2
14	7952787	+	NDE1
20	9240792	+	NPBWR2
8	12236462	+	GPR88
2	65440993	-	FARS2
27	5059250	-	CYB561
1	173658067	+	SUPT20H
7	22488774	-	PLCD4
11	3459157	+	DPEP2
1	51457537	+	IL2RB
6	15702690	-	VDAC2
14	7955522	+	NDE1
12	3262305	-	RHOA
3	30980283	-	MAD2L1BP
8	12271795	+	
4	79894080	+	TBC1D14
6	15706094	-	VDAC2
17	5579042	+	SET
12	3262378	-	RHOA
4	49484024	-	TNKS
3	30981415	+	GTPBP2
2	65441110	+	LYRM4
4	79928316	+	TADA2B
6	15702102	-	VDAC2
15	11393540	+	THOC5
2	112753254	-	CA8
1	77568659	+	SCNN1A
7	22503173	-	CNOT9
Z	53596769	-	PDE6B
13	13608653	-	G3BP1
4	79941880	-	GRPEL1
2	112753214	-	CA8
15	11394234	+	THOC5
8	12303972	-	RTCA
20	9263817	-	OPRL1
13	13610528	+	ATOX1
1	51474615	+	TMPRSS6
6	15702049	-	VDAC2
27	5066557	+	ACE
Z	53612274	+	RBP4
1	173700689	-	EXOSC8
15	11411892	-	NEFH
4	49511007	+	ERI1
2	16014648	+	ABI1
12	3314049	+	GRM2
1	77584568	-	VAMP1
1	51511452	-	MPST
6	15732613	-	SAMD8
4	49550072	-	PPP1R3B
7	22503353	+	USP37
1	77587396	-	MRPL51
3	31001851	-	POLH
23	2403846	-	GMEB1
12	3327844	-	
6	15737359	+	
1	51511486	+	TST
2	112818627	+	RAB2A
2	65569554	+	
4	49567944	+	
13	13624036	+	SPARC
8	12304101	+	DBT
1	173700751	+	ALG5
2	16116800	-	PDSS1
Z	53666667	-	IDUA
2	65686117	-	
1	51519368	+	
23	2413031	+	TAF12
Z	53622721	+	SLC26A1
13	13664153	+	FAT2
1	173759258	+	SMAD9
23	2421026	-	
8	12320048	+	LRRC39
6	15747223	+	
17	5614929	-	ZDHHC12
7	22539376	-	VIL1
12	3345428	+	ALAS1
9	23593408	-	SUCNR1
4	49581374	-	CLDN23
7	22545509	-	CTDSP1
6	15747341	+	
13	13714011	-	SLC36A1
6	15752979	+	
15	11434430	-	GAS2L1
5	45507935	-	PRIMA1
4	49596691	+	PRAG1
Z	53688052	+	CHRNA6
9	23603064	-	AADAC
17	5633169	-	ZER1
6	15764580	+	DUSP13
5	45549295	+	FAM181A
9	23634895	+	
14	8020491	-	MYH11
4	49618256	-	MBOAT4
13	13722946	-	GM2A
1	173854684	-	SERTM1
9	23642193	+	
3	81503064	+	EEF1A1
4	49625982	-	CL2
6	15803534	+	DUPD1
23	2430785	-	MTFR1L
1	11371413	-	CD36
Z	53711316	-	CHRNB3
1	173956539	-	CCNA1
23	2430878	-	MTFR1L
14	8037255	-	FOPNL
13	13735808	-	
4	49640272	+	CCNI
1	11371384	-	CD36
6	15916612	-	KAT6B
7	22552363	-	SLC11A1
12	3372272	-	TWF2
23	2435041	-	
3	31034043	-	POLR1C
1	11361060	-	CD36
23	2495023	-	MAN1C1
15	11468019	-	EMID1
7	22558194	-	PNKD
15	11463681	+	
20	9380605	+	SOX18
1	11413084	+	GNAT3
5	45626744	-	DDX24
23	2516531	-	
7	22559065	+	TMBIM1
3	31034155	+	YIPF3
7	22565509	-	
1	77615840	+	CNP1
2	65962215	-	PRPF4B
4	49726591	+	CG-16
Z	10641976	-	PRLR
Z	53729213	-	THAP1
5	45636526	+	PPP4R4
23	2519281	-	
2	112915343	+	CHD7
27	5119774	+	DCAF7
20	9435643	-	PRPF6
3	31044021	+	LRRC73
4	49832032	-	SHROOM3
12	3371417	+	PPM1M
8	12336171	+	SASS6
1	174015961	+	
Z	10705011	-	PRLR
Z	53770500	-	RNF170
1	11555109	-	GNAI1
4	49899818	-	STBD1
2	66063479	+	PXDC1
2	113184668	+	CLVS1
3	81527374	-	MTO1
5	45710860	-	SERPINA10
14	8040974	+	ABCC1
15	11471674	+	DTX1
1	77619214	+	GAPDH
5	45736369	-	SPIA4
11	3683801	-	LPCAT2
20	9442480	+	SAMD10
4	49916846	+	SCARB2
3	81528332	+	CGAS
9	23746699	-	MED12L
7	22565740	+	AAMP
23	2536047	-	TMEM57
3	31101931	+	DLK2
8	12364573	-	MFSD14A
12	3396406	-	WDR82
2	113316802	-	
5	45759449	-	SPIA1
15	11485534	-	RASAL1
9	23681494	+	P2RY13
2	16299782	-	GAD2
2	66268560	-	PSMG4
27	5142485	+	MAP3K3
3	31122565	-	
12	3396476	+	GLYCTK
9	23696323	+	GPR87
5	45774064	-	
3	81549339	-	
13	13753105	+	TNIP1
2	66278012	+	TUBB2B
7	22587368	-	ARPC2
9	23707719	+	P2RY14
3	31128994	+	ZNF318
5	45790095	-	
27	5190752	-	LIMD2
7	22588095	+	CXCR1
1	51553682	-	
1	77619695	+	GAPDH
5	45803318	-	
9	23717093	+	GPR171
13	13764542	-	GPX3
8	12388535	-	SLC35A3
6	16221445	+	AP3M1
14	8116502	-	ABCC6
1	77642717	-	IFFO1
Z	10704840	-	PRLR
13	13769325	-	SMIM3
9	23749597	+	CLRN1
33	4757105	+	
1	11833981	+	MAGI2
6	16227913	+	AP3M1
2	66312310	-	BPHL
1	51565932	-	
9	23766368	+	SIAH2
2	16394554	-	MYO3A
11	3741657	-	MMP2
23	2538276	+	RHCE
15	11487157	+	WSB2
33	4841035	+	FKBP2
3	31161253	+	FAM98A
2	66294911	+	
23	2550924	-	TMEM50A
Z	10656846	-	PRLR
1	77654873	-	NOP2
8	12442845	-	
1	51584520	-	NCF4
14	8116712	+	
1	77658122	-	
3	31220795	-	RASGRP3
9	23791069	-	SELENOT
4	49966346	-	PPEF2
3	81939826	-	
15	11494693	-	RFC5
3	82001392	-	
Z	10794665	+	SPEF2
7	23232312	+	IGFBP5
11	4183523	-	IRX5
2	113438574	+	NKAIN3
33	4858063	+	
4	49982898	-	NAAA
2	66365541	-	NQO2
1	77661179	-	
11	4547408	+	IRX3
7	23307791	-	IGFBP2
23	2558963	-	SYF2
2	16675173	-	GPR158
2	113802894	-	GGH
3	82087597	-	
2	66410830	+	
9	23804409	-	EIF2A
23	2591781	+	RUNX3
2	16731025	-	THNSL1
Z	10852950	+	
2	66433099	+	
1	51608264	+	PVALB
20	9491130	+	UCKL1
2	113819007	-	TTPA
11	4873781	-	FTO
2	16731266	+	ENKUR
1	77673356	-	
9	23804524	+	SERP1
23	2672704	-	CLIC4
20	9512903	+	
1	77702350	-	LPAR5
Z	10886978	+	IL7R
2	16749655	+	PRTFDC1
14	8720429	-	RPS15A
7	23372262	-	RPL37A
1	77701974	-	LPAR5
6	16296001	-	VCL
13	13782576	+	RBM22
15	11574676	+	NOS1
2	113842567	+	YTHDF3
3	82298027	+	ASRGL1
20	9536619	-	DNAJC5
20	9534804	-	DNAJC5
9	23902795	+	PFN2
7	23390686	+	MARCHF4
20	9526677	-	DNAJC5
3	82298059	+	ASRGL1
14	8727644	-	ARL6IP1
13	13795799	-	MYOZ3
1	51627090	+	IFT27
15	11611346	+	FBXO21
3	82399479	+	OGFRL1
13	13806846	-	SYNPO
1	51652325	+	CACNG2
6	16349555	-	PLAU
2	114292374	-	
4	50018146	-	JCHAIN
3	82531592	+	B3GAT2
9	23940203	-	RNF13
9	23939891	-	RNF13
2	114381432	+	BHLHE22
4	50022591	+	UTP3
2	66612554	-	EXOC2
15	11628671	+	TESC
5	46160385	-	CLMN
9	23940328	+	COMMD2
14	8790169	-	SMG1
12	3534653	-	SEMA3G
15	11680387	-	FBXW8
2	114416525	-	CYP7B1
9	23950498	+	WWTR1
2	66892969	+	FOXF2
15	11719714	-	RNFT2
9	24002932	-	TM4SF4
6	16558510	+	
3	82674290	-	SDHAF4
8	12557002	-	PALMD
13	13844163	+	RPS14
3	82674292	-	SDHAF4
1	77749760	-	ING4
15	11722028	+	C15H12orf49
1	51709011	+	EIF3D
9	24026066	+	TM4SF1
2	114803982	-	ARMC1
13	13844426	+	RPS14
23	2700720	-	NCMAP
1	77749769	-	ING4
12	3540337	-	
13	13844438	+	RPS14
1	51716683	+	FOXRED2
Z	10979460	-	LMBRD2
5	46259416	+	GLRX5
9	24036053	+	TM4SF18
5	46461828	+	C14orf132
7	23539803	-	XRCC5
9	24036141	+	TM4SF18
1	12642781	+	TMEM60
12	3541944	+	ABHD14B
23	2722427	-	TRNAU1AP
1	174520441	+	MAB21L1
2	114804766	+	MTFR1
1	51727168	+	TXN2
1	12642805	+	TMEM60
12	3544615	+	PCBP4
1	12645009	+	TMEM60
5	46575153	+	BDKRB1
7	23559373	-	TMEM169
1	77781779	-	ZNF384
2	114898800	-	PDE7A
Z	10978967	+	SKP2
8	12716644	+	PLPPR5
4	50085060	-	GRSF1
12	3550704	-	
14	8821411	-	CLEC19A
1	77808412	-	PIANP
23	2734269	+	
13	13851651	+	CD74
Z	11023261	-	NADK2
1	175239903	-	RFC3
5	46646278	-	ATG2B
7	23565554	+	PECR
4	50089708	+	MOB1B
14	8852860	-	SYT17
1	175449309	+	
7	23616324	+	
2	114919024	+	DNAJC5B
14	8867077	-	ITPRIPL2
1	77817350	+	COPS7A
15	12495272	+	TBX3
8	12813460	-	SNX7
20	9569513	+	ZBTB46
6	16758682	-	
3	82821169	+	COL9A1
4	50129586	+	DCK
6	16768405	-	CHCHD1
2	67588349	+	WRNIP1
15	12598201	+	TBX5
2	114973276	+	TRIM55
3	82904800	-	
20	9628621	-	
5	46646127	+	GSKIP
13	13873523	-	TCOF1
5	46646783	+	GSKIP
3	82933914	-	
6	16781124	-	FUT11
2	67629938	-	SERPINB1
2	115012145	-	CRH
7	23626750	+	ERCC3
1	77841435	-	MLF2
2	115081599	+	RRS1
4	80793977	+	SH3TC1
20	9629100	+	ARFRP1
7	23656426	+	CYP27C1
13	13888545	+	ARSI
12	3555325	+	RBM10
5	46651390	+	AK7
1	77844882	+	
11	4977224	+	AKTIP
1	51752609	+	MYH9
27	5225187	-	CCDC47
11	4977937	+	AKTIP
2	115083826	+	
Z	11170515	+	SLC1A3
1	175547844	+	STARD13
Z	11171497	+	SLC1A3
11	4978318	+	AKTIP
1	77862795	+	LAG3
2	115110507	+	VXN
7	23682689	+	BIN1
4	80855311	+	HTRA3
1	51917777	+	RBFOX2
11	4980154	+	AKTIP
6	16818878	+	SYNPO2L
27	5225378	+	DDX42
1	175631538	-	KL
6	16860338	+	MYOZ1
4	50405933	-	GC
1	52004040	+	MB
6	16926091	+	USP54
27	5247636	-	
1	52042836	-	RASD2
15	12856850	+	LHX5
7	24051622	-	GYPC
4	50415796	+	NPFFR2
4	80968494	-	ACOX3
9	24091634	-	
2	67640410	-	SERPINB6
27	5250693	+	MYL4
19	5847957	+	FOXN1
4	80968536	+	TRMT44
2	115162120	-	MYBL1
4	50604585	-	ADAMTS3
2	67639604	-	SERPINB6
19	5874427	-	UNC119
2	67640109	-	SERPINB6
13	13933620	-	SLC6A7
9	24111128	-	GYG1
5	46671242	+	PAPOLB
2	67649937	-	
2	115191152	-	VCPIP1
19	5884125	-	PIGS
4	50728122	-	COX18
4	81142872	+	GPR78
27	5259680	+	CDC27
13	13947085	-	CDX1
2	17417320	-	PTF1A
7	24674006	-	CNTNAP5
19	5888133	-	ALDOC
2	17498050	-	ARMC3
1	77873930	+	CD4
1	12781126	-	PTPN12
19	5897107	-	
3	31644586	+	
28	118450	+	MVP
1	77876122	+	CD4
2	67662678	-	SERPINB10B
23	2824408	-	TMEM200B
7	24819264	+	
Z	11532281	-	CPLANE1
15	12931736	-	TPCN1
1	77894615	+	GPR162
19	5913837	-	KIAA0100
12	3612996	-	GNAI2
13	13957973	+	PDGFRB
3	31801008	-	YIPF4
12	3623786	-	SLC38A3
1	77900316	+	P3H3
8	13724764	-	RWDD3
1	175842544	+	
14	8913539	+	TMC5
2	17544486	+	PIP4K2A
3	31916467	-	CDC42EP3
12	3631598	+	SEMA3B
1	118143733	-	IL1RAPL1
1	175877971	+	
3	74821	+	RPS27A
3	31901110	-	CDC42EP3
19	5916257	-	SDF2
6	17047411	-	ANXA7
8	13737105	-	HCCS
1	175888052	+	
3	31893782	-	CDC42EP3
Z	11564661	-	NUP155
2	17728029	-	SPAG6
1	118545780	-	
12	3637460	-	OASL
13	13980059	+	CSF1R
19	5921244	+	SUPT6H
11	5089734	-	CHD9
1	118609289	+	
28	260465	-	
4	81403526	-	SOHO-1
1	118698606	-	
6	17058803	-	EIF3F
1	119266982	+	ARX
12	3644265	-	NAA80
1	77917296	+	GNB3
19	5945850	-	
2	17742871	-	BMI1
23	2898222	-	SRSF4
28	367087	+	FBN3
8	13765641	-	TMEM56
4	81578308	-	ADRA2C
2	67674062	-	SERPINB10
8	13766351	-	TMEM56
7	25228579	+	MRAS
19	5945913	+	
3	88773	-	MTIF2
7	25228582	+	MRAS
8	13781167	-	TMEM56
12	3659153	-	SHISA5
2	17746768	-	COMMD3
3	88895	+	PRORSD1P
4	81613926	-	
14	8953140	+	MOSMO
8	13772076	-	TMEM56
5	47122320	+	
12	3680770	-	
23	2905063	-	MECR
7	25228931	+	MRAS
19	5949553	-	RAB34
8	13781317	+	ALG14
7	25228945	+	MRAS
1	175937209	-	BRCA2
7	25229244	+	MRAS
19	5949676	+	
1	12874644	-	
3	32044728	-	CYP1B1
11	5932736	+	SALL1
Z	11566273	+	WDR70
7	25229280	+	MRAS
14	8980220	+	VWA3A
28	508022	-	CTXN1
8	13815244	+	CNN3
1	175938760	+	ZAR1L
12	3701516	-	ATRIP
11	5934814	+	SALL1
4	81846608	+	LRPAP1
1	12882617	-	
Z	11742913	-	GDNF
3	32108985	-	NANP
7	25292679	+	TMEM177
2	115207256	+	SGK3
11	5935282	+	SALL1
4	81890162	-	
Z	11920848	+	EGFLAM
2	115207706	+	SGK3
2	115229613	+	SGK3
2	115232015	+	SGK3
12	3718788	+	IPPK
28	604742	-	TIMM44
4	81926188	-	DOK7
14	9022422	+	
1	12915252	+	FGL2
2	115267098	+	
4	81966939	-	HGFAC
14	9033722	+	SDR42E2
3	32108928	+	EIF2AK2
4	50822578	+	ALB
1	12932861	+	FAM185A
12	3861939	-	CENPP
4	82036497	-	
19	5971111	+	TRAF4
12	3762272	+	ECM2
28	629778	-	HNRNPM
19	5985142	-	FAM222B
4	50893943	-	RASSF6
1	13009149	-	
1	77940005	+	TPI1
2	115286441	-	TCF24
3	32134335	-	GPATCH11
14	9045104	+	EEF2K
6	17257036	+	
4	82061471	-	
1	77940759	+	TPI1
12	3792114	+	ASPN
4	50925077	+	IL8L1
11	6171640	-	CYLD
1	13007015	+	LRRC17
12	3823378	+	OMD
4	82093294	-	MSANTD1
5	48197831	+	CCNK
2	115308471	-	PPP1R42
14	9078715	+	POLR3E
1	13008060	+	LRRC17
28	659632	-	
5	48312719	-	CCDC85C
4	50937659	+	IL8
7	25486533	-	
5	48336527	+	
11	6176432	+	SNX20
4	50962446	+	
14	9114177	-	CDR2
28	659581	-	
Z	12048358	-	LIFR
8	13932222	+	F3
2	115326952	-	COPS5
6	17281177	+	PDLIM1
Z	12057034	-	LIFR
Z	53820517	+	HOOK3
14	9114379	+	
12	3834014	+	OGN
12	3834179	+	OGN
Z	53914442	-	
Z	12056593	-	LIFR
7	25506759	+	RALB
1	119567431	-	PDK3
14	9132050	+	METTL9
2	18124237	+	NEBL
7	25525585	+	RALB
Z	53937732	-	FNTA
1	13055479	+	ARMC10
28	659800	+	SPPL2C
5	48358544	+	CYP46A1
12	3862147	+	NOL8
Z	12151363	+	
7	25563774	+	INHBB
14	9148845	-	IGSF6
Z	53942652	+	FUT10
3	84765747	+	
1	13085319	-	NAPEPLD
8	13974017	-	ABCD3
28	710915	+	TMPRSS9
2	115362443	+	
2	18282264	+	NEBL
1	77952924	+	ENO2
Z	12167208	+	
3	84814802	+	
3	32302354	-	VIT
2	115463018	-	ARFGEF1
1	77953536	+	ENO2
3	85009812	+	
5	48376335	+	
1	77953598	+	ENO2
2	18759573	-	PLXDC2
11	6508615	+	BRD7
3	32331686	-	
1	119599200	-	
28	723863	-	TIMM13
23	3348448	+	C1orf232
3	85046103	+	
23	3351473	-	FAM110D
3	85067346	-	
3	32389936	-	FEZ2
3	85291419	-	
1	13106457	+	PMPCB
2	115569184	-	CPA6
3	85336574	-	
27	5455014	+	ATXN7L3
3	233725	-	
3	85347355	+	
2	115620395	+	PREX2
27	5460672	+	G6PC3
1	77991895	+	C1H12ORF57
4	82245582	-	GRK4
5	48455610	+	EML1
3	85432682	+	
14	9166630	+	
Z	54628981	-	LPL
28	770201	+	RPL36
1	13132568	-	DNAJC2
11	6627442	-	TENT4B
3	85506342	+	
1	119666014	-	EIF2S3
8	14057781	+	
28	790392	-	LONP1
27	5473256	-	
Z	54716862	-	
4	82245802	+	NOP14
27	5481145	-	
19	6073342	+	PIPOX
14	9192165	+	KDELR2
27	5488710	+	ASB16
8	14062866	+	ABCA4
Z	54740967	-	
1	119665840	+	KLHL15
14	9192240	+	KDELR2
3	321343	-	EFEMP1
28	812847	-	SLC1A6
7	26066954	-	TFCP2L1
Z	12313334	-	FYB
3	33615843	-	SULT6B1
27	5493406	+	LSM12
11	6651279	-	HEATR3
Z	54798174	+	
1	119670287	+	KLHL15
1	13132814	+	PSMC2
5	48603440	+	EVL
3	33617924	+	CEBPZOS
27	5497391	+	TMEM101
5	48687922	-	DEGS2
14	9204871	+	DAGLB
23	3372225	+	SLC30A2
27	5503135	+	PYY
23	3380844	-	
5	48699995	+	YY2
14	9232032	-	RAC1
5	48739091	-	SLC25A29
14	9239445	+	
8	14149521	-	
11	6657394	-	CNEP1R1
5	48749877	+	SLC25A47
3	33634859	-	CEBPZ
2	18995157	-	MALRD1
Z	12813012	-	
11	6697537	+	ZNF423
3	33634880	+	NDUFAF7
5	48777907	-	WARS1
3	33686796	-	PRKD3
4	51602821	-	CENPC
3	85661211	-	PTP4A1
21	5467117	-	TNFRSF1B
3	85660251	-	PTP4A1
12	4459523	+	SLC6A11
Z	12839346	+	PTGER4
1	78020461	-	PHB2
21	5483241	-	TNFRSF8
11	7039119	+	CBLN1
4	82270627	+	
Z	12840436	+	PTGER4
2	116346426	+	
4	82270982	+	
2	116400250	-	
3	85729874	+	LGSN
14	9318876	-	RMI2
3	33691214	+	QPCT
2	116428006	-	
4	51603053	+	STAP1
1	78020566	+	EMG1
21	5501078	-	MIIP
6	17396259	-	ZP4
14	9342202	+	SOCS1
11	7288050	+	N4BP1
5	48778158	+	WDR25
3	33721721	-	SLC30A6
1	78038708	-	LPCAT3
2	19094413	-	ARL5B
11	7356723	+	SIAH1
Z	54902450	-	ABCA1
7	26246801	-	NIFK
3	972862	-	FANCL
1	176424666	-	ALOX5AP
2	116494659	-	PRDM14
11	7357345	+	SIAH1
Z	12913153	-	PRKAA1
6	17399196	+	
11	7358119	+	SIAH1
14	9453186	-	CLEC16A
1	119749754	-	SAT1
11	7365711	+	SIAH1
4	82352947	-	ADD1
Z	55002761	+	SLC44A1
1	78045961	+	C1S
12	4639388	+	SLC6A1
11	7365937	+	SIAH1
23	3387729	+	STMN1
7	26247147	+	TSN
12	4640934	+	SLC6A1
3	1876234	-	
23	3387796	+	STMN1
21	5517404	-	MFN2
14	9457936	+	DEXI
12	4781954	+	HRH1
1	176442938	-	USPL1
2	116596399	-	NCOA2
6	17408125	+	CYP2C18
23	3393917	+	STMN1
3	86081964	+	KHDRBS2
19	6109485	+	CRYBA1
14	9473409	-	
3	1931759	-	BCL11A
23	3394275	+	STMN1
Z	55079720	-	
1	78065761	-	C1R
5	49134545	+	DLK1
14	9492269	-	
Z	12937242	+	C7
19	6146978	+	TAOK1
5	49206298	+	
1	78071702	-	RBP5
Z	12920908	-	RPL37
21	5532562	-	PLOD1
14	9506852	+	TVP23A
6	17478708	-	TLL2
3	86724466	-	PRIM2
11	7417829	-	LONP2
1	176457890	+	HMGB1
12	4788083	+	ATG7
2	116749942	-	TRAM1L1
7	26318288	-	IQCB1
1	176490809	+	HMGB1
21	5535457	+	KIAA2013
1	176491447	+	HMGB1
3	2015400	+	PAPOLG
1	78071723	+	CLSTN3
2	19094513	+	NSUN6
14	9522273	-	NUBP1
Z	55093602	+	FSD1L
2	116766886	-	LACTB2
2	19094880	+	NSUN6
14	9523644	+	TEKT5
3	86745056	+	RAB23
2	116774238	+	XKR9
7	26318406	+	EAF2
1	78096282	-	
1	176581678	+	KATNAL1
2	19094889	+	NSUN6
8	14340589	-	DR1
3	86745355	+	RAB23
21	5543786	+	CELA2A
2	19094907	+	NSUN6
3	86769254	-	BAG2
14	9591472	+	EMP2
Z	12991491	-	C6
12	5012049	-	TAMM41
Z	55127487	+	FKTN
1	176669159	+	UBL3
3	2054433	+	REL
4	82441244	+	TNIP2
21	5568351	+	NPPC
Z	55161716	+	TAL2
23	3407196	+	GJA9
Z	13110955	-	PLCXD3
21	5573634	+	RNP
1	13457234	-	RELN
4	82500547	-	
28	877381	+	
23	3409942	+	
28	888721	-	
11	7578698	-	PHKB
12	5066048	+	
1	119892355	-	PTCHD1
7	26391057	+	SLC15A2
4	82523353	-	
14	9652802	+	GRIN2A
28	892603	-	
1	78099886	+	PEX5
1	176789375	+	SLC7A1
21	5578172	+	NPPA
23	3411433	+	RRAGC
1	78151657	+	
23	3412899	+	RRAGC
7	26471265	-	HSPBAP1
6	17596553	-	PIK3AP1
14	10273380	-	
1	176825041	-	
23	3613932	+	POU3F1
3	2124834	+	PEX13
4	82588970	-	RNF4
3	33762266	+	DPY30
28	922400	-	MARCHF2
Z	13262529	-	OXCT1
1	176878662	-	
23	3639204	-	UTP11
3	86843295	-	BEND6
21	5605153	-	CLCN6
Z	55574822	+	ZNF462
6	17600886	+	NOLC1
1	78162527	+	EPHA1
28	941429	-	RAB11B
Z	55582559	+	ZNF462
6	17613138	+	
12	5166040	+	
23	3639624	+	FHL3
1	177111041	+	SLC46A3
5	49549007	+	PPP2R5C
23	3640112	+	FHL3
3	2164309	+	
4	82644224	-	CFAP99
8	14378262	-	CCDC18
1	177134363	-	POMP
Z	13276864	+	FBXO4
3	33779608	+	MEMO1
6	17632410	+	ELOVL3
21	5605266	+	MTHFR
2	19403019	-	SLC39A12
6	17642288	-	
5	49574819	+	PPP2R5C
21	5641548	-	AGTRAP
3	33837372	+	SRD5A2
4	82748159	+	
14	10319365	+	USP7
8	14378876	+	TMED5
4	82748685	+	
6	17661496	+	GBF1
1	78231180	+	
3	2211235	+	AHSA2
28	983363	-	RPS28
1	13554917	-	ORC5
12	5238244	+	PPARG
1	120468539	-	SMS
1	78257533	+	FAM131B
21	5658909	-	DRAXIN
28	983593	+	
5	49625615	+	DYNC1H1
23	3668446	+	SF3A3
1	78333916	-	CLCN1
1	177165538	+	FLT1
Z	55792227	-	
19	6231302	-	CORO6
6	17762866	+	
1	13612065	+	LHFPL3
4	82843121	+	MXD4
8	14415870	-	MTF2
12	5268850	+	PPARG
19	6271407	-	SSH2
2	117210782	-	MSC
4	82889813	+	HAUS3
2	19462031	-	
14	10461151	-	PMM2
1	177336260	-	PAN3
28	991209	+	
Z	56385484	+	PHAX
5	49654113	-	
14	10461813	+	TMEM186
1	120533946	+	SMPX
1	13903212	+	KMT2E
Z	13587020	+	
3	33929665	+	
28	996088	-	ADMP
Z	13593542	-	SELENOP1
1	120534973	+	SMPX
1	78362958	-	CASP2
4	82914479	+	
1	120537159	+	SMPX
28	1001975	-	POLE4
1	120595114	+	KLHL34
8	14432789	+	DIPK1A
Z	13596605	-	
19	6333122	+	NSRP1
12	5326624	+	TSEN2
12	5326701	+	TSEN2
Z	56417094	+	LMNB1
12	5326959	+	TSEN2
7	26824064	+	PDIA5
4	83029662	-	NAT8L
12	5340965	-	MKRN2OS
Z	56473532	-	MARCHF3
3	33961883	-	SCCPDH
1	177364966	+	FLT3
19	6361974	-	SLC6A4
Z	56533199	-	
8	14455256	-	RPL5
1	14006452	-	SRPK2
12	5340144	+	MKRN2
7	26927568	+	SEC22A
3	34007220	-	CNST
Z	13642619	+	NIM1K
3	34033598	+	TFB2M
Z	13645082	+	NIM1K
4	83129629	-	C4orf48
11	7656809	+	NETO2
23	3697675	+	MTF1
4	83129665	-	C4orf48
1	177413286	-	
23	3698065	+	MTF1
6	17811592	+	FBXL15
5	49704532	+	WDR20
4	83147609	-	
21	5659278	+	MAD2L2
1	14118066	+	PUS7
1	177444251	-	GSX1
4	83149163	-	
21	5659280	+	MAD2L2
21	5659301	+	MAD2L2
1	177499171	-	
14	10508368	-	ABAT
1	14118864	+	PUS7
11	7714250	+	DNAJA2
14	10497869	-	ABAT
23	3723387	-	MANEAL
14	10497613	-	ABAT
21	5659793	+	MAD2L2
4	83173167	+	NELFA
7	27144911	-	ADCY6
Z	56660659	+	PRRC1
1	14138452	+	RINT1
Z	56727652	+	CTXN3
5	49770765	+	ZNF839
11	7733916	-	CDCA9
5	49790219	-	CINP
4	83228766	-	
14	10519988	-	METTL22
21	5667615	-	FBXO44
23	3747602	+	
1	14151970	-	
21	5667749	-	FBXO44
5	49792778	+	TECPR2
1	14152034	-	
11	7766754	+	C11H16ORF87
2	117620664	+	TERF1
14	10525431	+	TMEM114
7	27137619	+	
Z	13709095	-	TMEM267
1	14267311	-	ATXN7L1
3	34757372	-	EFCAB2
2	19526728	-	MMR1L3
11	7757979	-	GPT2
2	117653773	-	SBSPON
Z	13710190	-	TMEM267
5	49843339	-	ANKRD9
Z	13707641	-	TMEM267
1	78436557	-	GSTK1
Z	13721555	-	C5orf34
21	5668759	+	FBXO2
5	49878989	+	RCOR1
1	14285663	+	
8	14533300	+	GFI1
21	5668778	+	FBXO2
1	78436518	-	GSTK1
1	177599340	-	GTF3A
2	117729838	-	RPL7
1	121229301	+	EIF1AX
2	117730489	-	RPL7
28	1050549	-	ELAVL1
7	27170993	-	HACD2
12	5392472	+	CNBP
14	11504684	-	RBFOX1
1	78456946	-	
12	5450140	+	CNBP
1	14305496	+	
1	177649238	-	RASL11A
12	5452050	+	CNBP
23	3798374	+	C1orf109
1	121300649	+	MAP7D2
12	5452485	+	CNBP
1	78464874	-	
3	87015963	+	
11	7826536	-	ORC6
1	78482360	-	
1	14337554	-	SYPL1
28	1062419	+	
12	5462895	+	
2	19568271	-	MMR1L4
21	5738134	-	DISP3
28	1069498	+	RAX2
3	87199659	+	
4	83316611	+	LETM1
23	3864606	+	RSPO1
3	34805212	-	COX20
1	78552909	+	
14	11277460	+	
23	3864625	+	RSPO1
1	177672597	+	USP12
3	34804695	-	COX20
21	5835354	+	GUCA2B
23	3864628	+	RSPO1
21	5835373	+	GUCA2B
Z	13746657	+	NNT
1	177816875	+	GPR12
1	14392312	-	NAMPTP1
14	12197791	+	IL20RB
1	78604630	+	
Z	13747297	+	NNT
3	87262144	+	
21	5884383	-	LACTBL1
3	34835301	-	DESI2
4	83460342	-	FGFR3
1	121385060	+	SH3KBP1
23	3883489	+	GNL2
5	50083577	+	AMN
28	1081935	-	MRPL54
1	14541326	+	PIK3CG
11	7826732	+	VPS35
6	18009556	-	PAX2
28	1081503	+	APBA3
1	121619269	+	MAP3K15
23	3898670	-	DNALI1
2	19621981	-	MRC1
3	87360676	+	BMP5
1	14593473	+	PRKAR2B
6	18246423	-	HIF1AN
1	178026108	-	CDK8
23	3898459	-	
3	87481259	+	HMGCLL1
21	6053651	-	EPHB2
Z	14032588	-	FGF10
23	3899030	+	SNIP1
Z	14032776	-	FGF10
2	117958406	-	STAU2
6	18246637	+	NDUFB8
21	6075682	-	C1QB
3	87574788	-	GFRAL
28	1098575	-	TJP3
12	5506764	-	RAB43
1	78732359	-	EPHB6
21	6078857	-	C1QC
12	5519044	-	GP9
Z	14183679	+	MRPS30
1	78771732	+	
1	14682620	+	HBP1
12	5591184	-	
Z	14603955	-	HCN1
21	6081398	-	
3	87623808	-	HCRTR2
2	19653801	-	STAM
3	87743877	-	FAM83B
14	12347992	-	KATNIP
3	35002178	-	ZBTB18
1	121777765	+	ADGRG2
3	35001412	-	ZBTB18
12	5600969	+	CFAP92
2	19682112	+	HACD1
2	118005082	-	UBE2W
21	6146506	-	EPHA8
3	87910198	-	TINAG
Z	14761209	-	EMB
12	5646173	-	ACAD9
3	35071502	+	AKT3
5	50224769	+	
2	118026920	-	TCEB1
3	35072293	+	AKT3
5	50298314	+	EXOC3L4
Z	14799199	+	PARP8
2	118027530	+	TMEM70
1	14881357	-	COG5
23	3926741	-	ZC3H12A
21	6201927	-	ZBTB40
23	4000662	+	GRIK3
5	50330268	+	TNFAIP2
1	14842550	+	
21	6313309	+	WNT4
2	118035819	+	LY96
1	178377553	-	SHISA2
2	118036890	+	LY96
1	14881061	+	
Z	15144193	+	ISL1
2	118189824	-	JPH1
4	83906907	+	TMEM129
Z	15683545	-	
6	18291826	-	WNT8B
2	118205626	+	GDAP1
3	35324497	-	
3	35325431	-	
5	50382143	-	
12	6080368	-	NUP210
1	178420156	-	NUP58
4	83916252	+	
6	18340590	-	SCD
1	14895745	+	BCAP29
2	118380780	+	PI15
23	4144405	+	STK40
23	4188607	+	STK40
1	78838645	-	
6	18351666	+	PKD2L1
4	83930355	+	SLBP
28	1133936	+	CACTIN
5	50410078	+	EIF5
12	6100521	+	HDAC11
28	1140092	+	TBXA2R
28	1141057	+	TBXA2R
3	88103589	-	LRRC1
12	6210165	+	FBLN2
3	2408562	-	XPO1
28	1149591	-	GIPC3
4	83971307	+	FAM53A
4	83973112	+	FAM53A
23	4160678	+	CSF3R
1	178476496	+	AMER2
3	2416491	+	
28	1152946	-	HMG20B
12	6467522	-	WNT7A
5	50410240	+	EIF5
2	118477237	+	CRISPLD1
21	6377167	-	C1orf50
4	84414007	+	NKX1-1
6	18374424	+	ABCG2
3	2454234	-	
23	4168861	+	
2	118478389	+	CRISPLD1
28	1155041	+	MFSD12
6	18375402	+	ABCG2
4	84481849	-	
3	88134230	-	
21	6377332	+	P3H1
1	14950224	+	CBLL1
3	88142936	-	
1	121891693	-	PPEF1
6	18393039	+	BLOC1S2
1	78805418	-	PRSS2
2	118700641	+	HNF4G
12	6536825	+	BARX1
3	88147849	+	KLHL31
1	121891645	-	PPEF1
4	84540451	-	MAEA
23	4171808	+	OSCP1
2	19855448	+	CUBN
2	118969424	+	
7	27386680	-	CCDC14
12	6778773	-	PHF2
1	78815255	-	
1	121900872	+	RS1
1	78826447	+	
23	4182923	+	LSM10
1	14973287	-	SLC26A3
1	78836395	-	
23	4202553	+	EVA1B
2	119214065	-	
6	18414396	-	CYP2C23b
1	78845045	+	
1	178731781	+	
3	35635857	-	
1	78862559	+	
Z	57335212	+	PCSK1
28	1176783	-	FZR1
12	6838558	-	FAM120A
1	78879488	+	
3	35797770	+	MAP1LC3C
3	88184018	+	GCLC
6	18425791	-	CYP2C23a
1	178737986	+	MIPEP
28	1181306	-	FZR1
2	19999990	+	RSU1
3	35839291	-	EXO1
3	2541295	+	RTN4
21	6393638	+	
6	18488267	-	ALOX5
14	12384860	-	POLR3K
2	20120548	+	C1QL3
3	88246591	+	ELOVL5
Z	57470318	+	ELL2
2	119507975	-	PEX2
3	35890278	-	
14	12384779	+	SNRNP25
28	1185679	+	DOHH
2	20147266	-	PTER
3	35912417	+	OPN3
28	1197427	+	
21	6405423	-	YBX1
2	20141776	-	PTER
2	119895804	+	
1	14993975	+	DLD
2	119907009	+	
3	35972202	-	PIGM
3	88302328	+	GCM1
Z	57547979	+	GLRX
3	88303625	+	GCM1
2	119938214	+	
21	6416533	-	PPIH
1	14994025	+	DLD
1	78925717	+	
3	2680684	-	EML6
2	20283219	+	MINDY3
1	78934125	+	
5	50525667	+	TRMT61A
2	120210813	+	PKIA
1	79075430	+	YBX3
5	50603397	-	BAG5
23	4234046	-	MAP7D1
5	50603289	-	BAG5
2	120286814	+	ZC2HC1A
10	5422923	+	RORA
5	50603438	+	COA8
1	79108598	-	SYCE3
1	178874724	-	TNFRSF19
2	120326139	-	IL7
1	79107908	-	SYCE3
Z	57613549	-	RFESD
3	88338333	-	FBXO9
14	12442148	+	MPG
Z	15940184	-	MOCS2
1	178879324	-	TNFRSF19
Z	57613816	-	RFESD
1	122148228	-	RAI2
Z	15940186	-	MOCS2
1	178879534	-	TNFRSF19
1	79114221	+	STYK1
6	18582316	-	MARCH8
23	4245909	+	TRAPPC3
Z	15940610	-	MOCS2
2	120532912	-	
Z	15937139	-	MOCS2
1	15050235	-	LAMB1
6	18572834	-	MARCH8
1	79157641	-	GABARAPL1
2	120607154	+	STMN2
6	18581830	-	MARCH8
3	88342284	+	CILK1
6	18561271	-	MARCH8
Z	57629162	-	ARSK
1	79169339	-	TMEM52B
6	18568858	-	MARCH8
Z	16072541	+	FST
21	6447573	-	PPCS
3	88358467	+	
23	4293189	-	ADPRHL2
23	4294399	-	ADPRHL2
6	18614513	-	ZFAND4
3	88359782	+	
1	79187290	-	
23	4298380	-	TEKT2
2	120796159	-	MRPS28
4	84902870	+	TMED11
14	12503627	+	HBZ
4	84908686	+	RNF212
2	120829098	-	TPD52
14	12507333	+	HBAD
3	88374105	+	GSTA4
1	79338994	-	HAO2
21	6475322	-	SLC2A1
14	12510348	+	HBA1
7	27861069	+	UMPS
1	179102539	-	SGCG
14	12517354	+	PGAP6
21	6500073	+	
2	120928275	+	
1	179070957	-	SGCG
4	85229240	-	FGFRL1
21	6504558	+	PHC2
6	18647534	-	FAM21C
10	5524170	+	ANXA2
4	85314167	+	ATOH8
14	12534726	+	MRPL28
7	27912771	-	ITGB5
1	79496664	+	TBX15
6	18655953	+	
21	6510570	-	ZNF362
10	5530577	+	ANXA2
21	6524865	+	TRIM62
10	5531715	+	ANXA2
6	18666888	+	
12	7012303	+	NINJ1
6	18684046	+	NPY4R
10	5536894	+	ANXA2
1	179717720	-	FGF9
21	6529340	+	SVBP
3	2928699	-	ACYP2
4	85405148	-	ST3GAL5
Z	57710787	-	FAM81B
2	20585985	+	NMT2
7	27939639	-	
6	18725961	-	
21	6537932	-	
23	4329236	-	AGO3
4	85440877	-	
1	15105451	+	ERGIC2
14	12551591	+	AXIN1
14	12558936	+	AXIN1
14	12559704	+	AXIN1
10	5823812	+	BNIP2
1	122788545	+	RBBP7
4	85464361	-	
10	5827679	+	BNIP2
23	4354226	-	AGO1
2	20619979	+	ACBD7
3	36252106	+	GREM2
6	18788695	-	ANTXRL
14	12633440	-	PDIA2
2	20628042	-	OLAH
10	5843239	+	GTF2A2
10	5843524	+	GTF2A2
1	79846657	+	
3	36441865	-	
10	5859319	-	GCNT3
5	50764469	-	C14orf2
1	179883997	+	ZDHHC20
14	12635953	-	
2	121187441	-	PAG1
7	28007534	-	
5	50771131	-	RD3L
3	3016904	+	GPR75
3	36741396	-	CHRM3
2	121261331	+	MRPL53
7	28030214	-	
1	179931454	-	MRPL57
2	20644330	+	CROT
1	122843890	-	SYAP1
2	121272547	+	FABP5
1	79906621	-	WDR3
23	4370617	-	AGO4
2	20706383	-	ABCB1
1	179931545	+	SKA3
5	50786850	+	TDRD9
6	18829935	-	RBP3
14	12636579	+	RGS11
7	28054010	-	ZNF148
Z	58062811	+	KIAA0825
10	6048656	-	KLF13
6	18845428	-	GDF2
3	3041396	-	ERLEC1
1	179950091	-	SAP18
6	18862872	-	GDF10
1	179980747	+	LATS2
5	50805289	+	
4	85464568	+	PTCD3
3	3041079	+	ASB3
6	19006416	-	PTPN20
12	7333284	+	
3	3055276	-	CHAC2
Z	58296404	+	FAM172A
Z	58296491	+	FAM172A
1	122843957	+	CTPS2
23	4371910	+	CLSPN
3	3070900	-	MALL
23	4394410	+	C1orf216
1	180044064	+	XPO4
Z	58587854	-	NR2F1
5	50931834	+	KIF26A
1	123107985	-	GRPR
23	4418139	+	PSMB2
2	20753904	-	ABCB1
1	180122191	+	EEF1AKMT1
23	4450593	-	TFAP2E
1	180125215	+	EEF1AKMT1
5	51605594	-	TMEM179
7	28122092	+	
4	85493267	+	MRPL35
Z	59536399	+	ARRDC3
3	3092030	-	NPHP1
1	180137865	-	IL17D
14	12678159	-	LUC7L
7	28172550	-	OSBPL11
1	79957248	-	FAM46C
4	85557858	-	REEP1
Z	59684887	-	
1	180181761	-	IFT88
1	15243988	+	SLC2A13
1	79964642	+	DUSP12
Z	59762405	-	
12	7412900	-	DCP1A
Z	59779634	-	
1	123220541	+	AP1S2
1	15407886	+	ABCD2
2	20827731	-	SLC25A40
1	180188436	+	CRYL1
6	19019069	-	
1	180268523	+	GJB6
3	3107742	+	BUB1
7	28216993	-	LMLN
4	85573746	+	KDM3A
3	3133521	+	BCL2L11
1	180269063	+	GJB6
14	12701543	-	CLCN7
1	180296344	-	
1	123270120	-	ZRSR2
1	180296063	+	GJB2
10	6132650	+	TRPM1
1	180313130	+	GJA3
1	123281269	+	
1	123308765	+	ACE2
6	19236981	-	
4	85626485	-	RNF103
1	180392875	-	
7	28253588	-	
5	51719243	+	
14	12711732	-	DNASE1L2
7	28261454	-	DTX3L
4	85631638	+	RMND5A
5	51739659	+	ADSS1
1	79998068	-	ATP6V1A
6	19271811	+	
1	79997334	-	ATP6V1A
6	19355133	-	LRRC18
5	51773814	+	SIVA1
1	180486091	+	PSPC1
1	79988965	-	ATP6V1A
7	28261411	+	PARP9
7	28261939	+	PARP9
Z	59879799	-	
14	12717210	-	DNASE1
6	19358682	+	
14	12718382	-	DNASE1
1	79997432	+	NAA50
3	3193235	+	
14	12719002	+	C7orf26
6	19360180	+	
1	80019464	+	USF3
7	28275367	-	FAIM
14	12733908	+	NAA60
7	28274483	-	FAIM
6	19425288	-	VSTM4
3	37527546	-	RYR2
7	28275742	-	FAIM
5	51852080	-	AKT1
6	19504129	+	C10orf71
4	85784648	-	
1	123457973	+	PIGA
7	28275428	+	CEP70
14	12746237	-	NUDT16L1
4	85684250	-	
4	85709302	-	
7	28313799	-	ESYT3
10	6245695	+	MCEE
Z	59892416	+	LYSMD3
5	51927665	+	
1	80098303	+	
1	123471156	+	ASB11
3	3223813	+	FBLN7
Z	59914465	-	
1	15584706	+	
6	19537670	-	DRGX
7	28344049	-	CFAP221
Z	59920983	+	MBLAC2
3	3236158	+	ZC3H8
4	85726738	-	
6	19556673	-	
1	123496180	+	ASB9
Z	59940610	+	CETN3
1	80132983	+	TRIM45
3	3276268	+	NAPB
6	19609491	-	ERCC6
3	37698782	-	MTR
1	80157630	+	VTCN1
1	15633800	+	CPNE8
2	20992030	-	SRI
3	3292415	-	GZF1
7	28353282	+	SCTR
14	12796696	+	UBALD1
3	3299822	-	
7	28374010	-	TMEM37
1	123713845	-	MOSPD2
3	3329006	+	CD248
1	15825318	-	ALG10
7	28385331	-	DBI
1	15825374	+	TPRKB
3	3343007	-	SSTR4
1	123713870	+	FANCB
2	21026905	-	STEAP4
Z	60517700	+	MEF2C
2	21026643	-	STEAP4
3	3366094	+	FOXA2
2	21020576	-	STEAP4
6	19964195	+	TMEM72
2	21172333	+	ZNF804B
3	3495862	-	PAX1
4	85813831	-	
6	19996152	+	
4	85813859	-	
3	3523328	+	NKX2-2
1	123886114	-	GLRA2
7	28385668	+	C7H2ORF76
14	12807823	+	CDIP1
7	28385709	+	C7H2ORF76
2	21641463	+	
1	124122032	-	
2	21667322	+	STEAP2
12	7631523	-	CHDH
Z	60803931	+	TMEM161B
14	12827110	-	HMOX2
3	3543643	+	NKX2-4
5	52105547	+	CLBA1
6	20020354	-	ANKRD22
14	12831315	-	
2	21682611	+	CFAP69
3	37774495	-	ACTN2
14	12860420	-	SLX4
6	20032197	+	
12	7641257	-	ACTR8
2	21709626	-	FAM237B
1	124187111	-	
4	85743715	-	CD8A
3	3591719	-	XRN2
6	20042684	+	STAMBPL1
4	85878554	-	
5	52170189	-	
3	37786577	+	
12	7646168	-	SELENOK
10	6664537	+	TARSL2
4	85807858	-	CD8A
14	12889227	-	TRAP1
10	6680735	+	TM2D3
3	37816238	+	
5	52360978	-	JAG2
4	85784188	-	
7	28438645	+	C1QL2
1	80198363	+	METTL16
2	21731911	+	CLDN12
4	85796790	-	
4	85852655	-	
2	21749428	+	
5	52445216	-	NUDT14
4	85819475	-	
1	15848575	+	TRMU
4	85833484	-	
7	28491954	-	MARCO
5	53013815	-	BRF1
4	85872415	-	
7	28518095	+	EN1
Z	61202799	+	CCNH
4	85859666	-	
10	6685651	+	ADAL
12	8064571	-	LRTM1
5	52935364	+	BTBD6
10	6705074	-	LARP6
3	3709661	+	
Z	61276354	-	
1	124277271	+	GPM6B
12	8315223	-	WNT5A
5	53041637	-	
3	3773453	+	
4	85883749	-	
7	28841367	-	INSIG2
4	85907049	-	
Z	61443244	-	COX7C
4	85917683	-	
2	22134540	+	FZD1
6	20077561	-	ACTA2
1	124337655	-	OFD1
3	3871039	-	
5	53088925	-	ZBTB1
5	53089159	-	ZBTB1
6	20072123	-	ACTA2
3	3921707	-	
4	85924985	-	CD8BP
21	6609227	-	ALPL
1	16049276	-	
1	80209348	+	POLQ
6	20118932	-	ACTA2
5	53091329	+	ZBTB25
4	85928419	+	
6	20075102	-	ACTA2
5	53104597	-	
3	3921732	+	CRNKL1
6	20118787	-	ACTA2
1	16089628	+	GRAMD4
7	28878074	+	CCDC93
6	20087175	+	FAS
1	16231465	+	
21	6611137	+	ECE1
6	20165780	-	CH25H
7	28931240	-	DDX18
6	20179294	-	LIPA
1	124352711	-	RAB9A
3	37857318	-	EDARADD
1	16300910	-	CERK
6	20187816	+	IFIT5
6	20203208	-	SLC16A12
7	29372124	-	DPP10
3	4057732	+	SLC24A3
14	13078199	-	SRL
5	53146645	-	MTHFD1
3	37863579	+	ERO1B
1	124367398	-	TCEANC
1	124367164	-	TCEANC
1	124367057	-	TCEANC
6	20253500	-	PANK1
1	124361231	-	TCEANC
14	13085810	-	TFAP4
5	53184725	+	ESR2
6	20274138	+	
3	37919523	-	GPR137B
6	20279683	+	
4	85986038	-	FABP1
14	13090376	+	
3	37941890	+	NID1
4	85994262	+	THNSL2
3	38036754	+	
1	17132486	-	
4	86078546	-	
7	29637868	-	ACTR3
4	86120205	+	
3	38068439	+	
1	124544398	+	TMSB4X
4	86168138	-	EIF2AK3
6	20297014	-	
3	38081417	+	
1	17293170	-	
1	124853282	+	EGFL6
1	124857021	+	EGFL6
14	13131446	-	CORO7
1	125232394	-	FRMPD4
6	20424248	+	RPP30
3	38100515	+	GNG4
4	86172874	+	RPIA
7	29705706	+	GPR39
3	38101141	+	GNG4
12	9007651	-	HESX1
12	9001625	-	HESX1
7	29783780	-	LYPD1
21	6729868	+	HP1BP3
1	80556121	-	GTF2E1
3	38124927	+	B3GALNT2
12	9007497	+	APPL1
4	86200311	+	SUCLG1
7	30106820	-	NCKAP5
1	80556280	+	RABL3
12	9047098	-	ASB14
14	13108126	+	VASN
1	125384741	-	MSL3
1	80581691	+	HGD
6	20483465	-	ANKRD1
1	80605982	-	NDUFB4
7	30239783	+	MGAT5
1	80650200	+	FSTL1
21	6751642	+	SH2D5
10	6784258	+	THSD4
1	80695646	+	LRRC58
21	6751643	+	SH2D5
7	30422024	-	TMEM163
5	53432324	+	SGPP1
1	19001040	+	ZBED4
1	80723913	+	GPR156
2	22512502	-	
14	13148979	-	NMRAL1
5	53460628	+	WDR89
21	6773167	+	DDOST
3	38169225	-	
4	87823826	-	CTNNA2
6	20620876	+	HECTD2
21	6780200	+	
4	87571874	+	LRRTM1
5	53496627	+	PPP2R5E
6	20699934	-	PPP1R3C
12	9089880	-	DNAH12
3	38193355	-	GGPS1
12	9112296	+	PDE12
3	38191521	-	GGPS1
4	88341840	+	ADRA1D
2	22533249	-	KRIT1
5	53583814	+	GPHB5
7	111688	-	NAB1
1	125930064	+	MID1
3	38194654	+	ARID4B
1	125961329	+	MID1
4	88446642	-	SMOX
2	22533864	+	ANKIB1
1	126236135	-	CLCN4
3	38280486	+	RBM34
5	53640888	-	RHOJ
10	7149541	-	CHRNA7
5	53640879	-	RHOJ
4	88515871	+	RNF24
1	19044906	-	ALG12
10	7175738	-	FAM81A
3	38283797	+	
5	53682353	+	KCNH5
1	19044605	-	ALG12
2	22622554	+	GATAD1
3	38288126	+	TOMM20
10	7185220	+	MYO1E
5	53966812	+	
4	88533950	-	PANK2
1	19044612	-	ALG12
6	20720818	+	TNKS2
5	53974662	+	
1	80916366	-	
5	53982225	-	
2	22646949	-	
3	38461706	+	IRF2BP2
7	30490043	-	
6	20762959	-	
5	54011115	-	
1	80927454	-	
14	13222048	-	CLUAP1
7	30490172	-	
5	54028318	-	
6	20778514	-	
7	30476368	+	
1	80938546	+	COX17
1	19045087	+	CRELD2
6	20836334	+	
7	30497261	-	
5	54104268	-	SYT16
3	38524569	+	TARBP1
2	22674871	-	PEX1
5	54094823	+	
3	38559258	-	COA6
1	126504702	-	SHROOM2
3	38616829	-	SLC35F3
14	13226354	+	
3	38790863	-	KCNK1
14	13245080	-	ANKS3
5	54159510	-	SNAPC1
2	22674892	+	RBM48
1	126518232	+	GPR143
7	30501294	+	RAB3GAP1
2	22683834	-	EFCAB1
7	230837	-	C2orf88
3	38929612	+	PCNX2
1	80972874	-	PLA1A
7	30531032	-	
7	252348	+	GDF8
14	13247925	+	
10	7323092	+	
7	30553147	-	ZRANB3
6	21058455	+	NOC3L
2	22835554	-	CDK6
3	39098599	-	NTPCR
2	22836675	-	CDK6
1	81054213	-	ATP1A1
3	39104462	+	
3	39106153	+	
10	7339296	+	SLTM
2	22916121	-	
3	39160875	-	MAP10
5	54333650	-	
14	13353454	+	XPO6
2	22947948	-	HEPACAM2
3	39259121	+	SIPA1L2
10	7383551	-	MINDY2
5	54446537	-	SLC38A6
6	21200763	-	PLCE1
7	334115	+	ORMDL1
14	13402002	+	NME4
7	334401	+	ORMDL1
4	88644122	+	MRPS26
6	21244771	-	SLC35G1
4	88651459	-	
1	127043948	+	ANOS1
14	13403863	+	DECR2
4	88655304	-	AVP
4	88674174	-	UBOX5
1	127493302	+	PNPLA4
7	359266	-	ASNSD1
1	127652071	-	
10	7384780	+	ADAM10
4	88689142	-	LZTS3
7	359126	-	ASNSD1
14	13409979	+	RAB11FIP3
10	7445902	-	LIPC
5	54569488	-	MNAT1
7	359499	-	
6	21272416	-	LGI1
5	54570181	+	SIX4
6	21291555	-	LGI1
6	21275074	-	LGI1
5	54593128	+	SIX1
3	39776050	-	TSNAX
4	88767126	-	DDRGK1
10	7547386	-	AQP9
4	88780877	-	
3	39805911	+	
4	88853569	-	HTR7L
7	30663466	-	LCT
3	39848234	-	SPRTN
10	7557497	+	ALDH1A2
7	444820	-	WDR75
3	39848255	+	EXOC8
10	7699580	-	POLR2M
3	39870601	+	RHOU
1	127826528	+	PUDP
2	23197789	-	CALCR
14	13472376	-	MSS51
6	21343739	-	PDE6C
10	7808270	-	CGNL1
7	30679252	-	MCM6
4	89054104	+	
3	40043842	+	RAB4A
6	21325448	+	RBP4A
6	21355061	+	RBP4A
3	40076967	-	CCSAP
6	21367038	-	FFAR4
6	21388540	-	CEP55
1	129060055	-	
3	40090517	-	ACTA1
1	129333880	-	
1	129430004	+	PRKX
2	23403111	-	BET1
1	129687005	+	
14	13494491	+	WDR90
3	40145393	-	ABCB10
7	30764299	-	CXCR4
3	40180002	-	TAF5L
1	129773839	+	
3	40180105	+	URB2
14	13523068	+	RHOT2
1	129791262	+	
6	21454931	+	
14	13538761	+	RHBDL1
3	40287180	+	GALNT2
7	30959190	+	THSD7B
2	23572966	+	COL1A2
14	13543813	+	STUB1
10	8131839	-	TEX9
3	40465340	-	PGBD5
6	21528367	-	CYP26A1
7	31212705	+	
1	129858036	-	
7	31237776	-	
10	8190607	+	RFX7
2	23629540	+	CASD1
6	21536861	-	CYP26C1
3	40511303	+	COG2
3	40555076	-	AGT
3	40555062	-	AGT
14	13569661	-	FBXL16
4	89591688	-	ADAM33
14	13574173	+	METRN
3	40628562	-	C1orf198
4	89649497	-	
7	31376948	+	SPOPL
14	13597109	-	CCDC78
4	89672386	+	EGR4
14	13600259	+	IGFALS
1	130350924	-	AKAP17A
3	40666273	+	ARV1
6	21671233	-	HHEX
7	31584810	-	
3	40693437	-	FAM89A
7	31583730	-	
14	13610327	-	NUBP2
1	130386938	+	P2RY8
1	130386966	+	P2RY8
7	31457806	-	NXPH2
10	8280309	+	PRTG
3	40719341	+	TRIM67
3	40767827	-	
10	8378046	+	PYGO1
14	13610665	+	SPSB3
7	31720416	-	
6	21704004	-	KIF11
10	8394692	+	DYX1C1
3	40770761	+	PDCD2
2	23867206	-	PON1
10	8404804	+	CCPG1
2	23882027	+	ASB4
14	13627020	-	EME2
14	13627615	-	EME2
10	8432081	-	PIGB
1	130453389	+	SLC25A6
1	130453465	+	SLC25A6
14	13627365	+	NME3
1	130477375	-	
10	8432340	+	RAB27A
10	8434217	+	RAB27A
1	130498132	-	CSF2RA
10	8442614	+	RAB27A
10	8442635	+	RAB27A
3	40804578	-	TBP
10	8432355	+	PIGBOS1
14	13632241	+	UBN1
3	40804348	-	TBP
1	130512773	-	
3	40803968	-	TBP
10	8465873	+	RSL24D1
3	40804438	+	PSMB1
1	130533402	+	
4	89703407	-	CCT7
4	89703490	+	PRADC1
10	8676758	-	
4	89714666	-	SMYD5
10	8717325	-	
6	21719516	+	IDE
4	89719228	-	NOTO
10	8757248	-	
4	89729882	-	GNOT2
2	23942210	+	DYNC1I1
14	13691804	+	
1	131040414	-	SHOX
6	21806151	-	MARCH5
10	8767591	+	WDR72
14	13715895	+	
7	1118003	+	CALCRL
10	9103713	+	ONECUT1
3	40917808	+	DLL1
7	1119125	+	CALCRL
14	13729109	+	SEC14L5
1	131249780	+	
7	1120097	+	CALCRL
7	1122946	+	CALCRL
4	89768123	+	SFXN5
7	1123834	+	CALCRL
6	21954114	-	BTAF1
3	41213936	-	ERMARD
4	89855757	-	EMX1
10	9178837	+	ARPP19
4	89871730	-	SPR
14	13782211	-	C16orf89
7	1326910	-	FAM171B
14	13782899	+	
14	13797471	-	EEF2KMT
1	131359738	+	GTPBP6
6	21983492	-	
1	131360970	+	GTPBP6
14	13797492	+	NDUFB6
4	90145114	+	CYP26B1
7	32639735	+	KYNU
6	21983509	-	
7	32640490	+	KYNU
10	9192218	+	MYO5A
14	13886338	+	PRR35
6	22007023	-	CCNJ
10	9286269	+	MYO5C
6	22042154	+	ZNF518A
1	131412658	-	
10	9323769	+	GNB5
10	9346409	+	BCL2L10
1	131429820	-	RGN
7	1418831	-	ZC3H15
1	131429447	-	RGN
7	1959021	-	ZNF804A
1	131455659	-	JADE3
10	9397799	-	MAPK4
7	32698930	+	ARHGAP15
10	9382839	-	MAPK4
7	32708954	+	ARHGAP15
7	2257089	-	NUP35
1	131522595	-	RP2
7	32715064	+	ARHGAP15
7	2263751	-	DUSP19
10	9458327	-	LEO1
1	131537500	+	SLC9A7
10	9485282	-	TMOD3
1	131624499	-	CHST7
10	9489523	+	TMOD2
10	9533322	+	LYSMD2
7	2337402	+	FRZB
10	9573569	-	SCG3
10	9577361	+	AP4E1
10	9639629	-	TNFAIP8L3
7	34497511	+	ACVR2A
6	22372081	+	
6	22372404	+	
6	22414722	+	
4	90753356	+	M1AP
4	90785762	-	DOK1
10	9683958	-	CYP19A1
10	9700229	+	GLDN
4	90791407	+	
4	90800206	+	
4	90825690	-	HTRA2
6	22548666	-	
4	90826518	+	AUP1
7	34657822	+	MBD5
7	34721338	+	EPC2
4	90892554	-	
7	34771501	+	KIF5C
7	34863519	+	LYPD6B
6	22847758	-	ADGRA1
7	34907319	+	LYPD6
6	22919904	-	
7	34933480	-	MMADHC
7	35022843	-	RND3
10	10495517	+	SLC24A5
7	2708760	+	
7	35127799	+	TNFAIP6
10	10527174	+	CTXN2
10	10530646	+	CTXN2
10	10537715	+	SLC12A1
7	35175380	-	
6	22997062	+	CPN1
7	2803487	-	MYL1
6	23051416	-	
7	2842090	-	LANCL1
6	23058446	-	CUTC
6	23057823	+	COX15
7	2842238	+	CPS1
6	23061953	+	ATP6V0E2
10	10768837	-	FBN1
6	23068556	-	ENTPD7
6	23068562	+	SLC25A28
6	23080276	-	NKX2-3
7	35234135	-	
10	10804921	-	
7	35270822	-	
10	10818108	-	
6	23099863	+	GOT1
7	35278103	-	
6	23119460	-	CNNM1
7	35325744	-	ARL5A
6	23125486	+	HPSE2
10	10835698	-	
10	10846830	-	
10	10867379	-	SECISBP2L
10	10904519	-	COPS2
10	10905606	+	GALK2
10	10988962	+	FGF7
6	23208999	+	PYROXD2
10	11112583	+	
6	23213501	+	LOXL4
10	11117010	+	C15orf48
10	11117013	+	C15orf48
10	11117023	+	C15orf48
10	11143870	-	SLC30A4
6	23234581	+	CRTAC1
10	11145530	+	BLOC1S6
6	23251548	+	SFRP5
10	11154128	+	
10	11154476	+	
10	11154719	+	
6	23272729	-	
10	11169393	-	ITGB1BP3
6	23273199	+	MORN4
10	11170653	+	
10	11172750	+	
10	11241995	+	TRPM7
10	11274948	+	
10	11302025	-	USP8
10	11295600	-	
10	11304508	+	GABPB1
10	11326310	+	HDC
10	11349046	+	GATM
10	11397441	+	PDE8A
10	11535844	+	WHAMM
10	11588865	-	HOMER2
10	11621075	+	FAM103A1
10	11621671	+	FAM103A1
10	11642570	-	
10	11656460	-	BTBD1
10	11664721	+	TM6SF1
10	11720024	-	HDGFL3
10	11814277	-	BNC1
10	11857452	+	SH3GL3
10	11918958	-	
